0.0000000000E+0	2.3538519808E-14	0.0000000000E+0	-2.0437598843E+4	0.0000000000E+0	2.9623006848E+4	1.8266696299E-3	0.0000000000E+0	2.1508421351E-2	-6.1681727804E-2	2.0075830562E-10	0.0000000000E+0
1.0000000000E+0	2.3538519808E-14	0.0000000000E+0	-2.0056629685E+4	0.0000000000E+0	2.9622989576E+4	1.8356800501E-3	0.0000000000E+0	2.1417448565E-2	-6.1678802770E-2	1.9888335133E-10	0.0000000000E+0
2.0000000000E+0	2.3538519808E-14	0.0000000000E+0	-2.0582371205E+4	0.0000000000E+0	2.9622995957E+4	1.8988594737E-3	0.0000000000E+0	2.1439403000E-2	-6.1676084696E-2	2.5892323238E-11	0.0000000000E+0
3.0000000000E+0	2.3538519808E-14	0.0000000000E+0	-2.0504963246E+4	0.0000000000E+0	2.9622994235E+4	1.8575831612E-3	0.0000000000E+0	2.1294069201E-2	-6.1676918259E-2	1.3486260030E-10	0.0000000000E+0
4.0000000000E+0	2.3538519808E-14	0.0000000000E+0	-2.0610873595E+4	0.0000000000E+0	2.9622992315E+4	1.8731765804E-3	0.0000000000E+0	2.1309707209E-2	-6.1677066701E-2	1.3478952384E-10	0.0000000000E+0
5.0000000000E+0	2.3538519808E-14	0.0000000000E+0	-2.0671354496E+4	0.0000000000E+0	2.9622994129E+4	1.8803233905E-3	0.0000000000E+0	2.1239096057E-2	-6.1677246399E-2	1.0999837505E-10	0.0000000000E+0
6.0000000000E+0	2.3538519808E-14	0.0000000000E+0	-2.0448924974E+4	0.0000000000E+0	2.9622997400E+4	1.8766138211E-3	0.0000000000E+0	2.1298230324E-2	-6.1675275586E-2	9.6224303438E-11	0.0000000000E+0
7.0000000000E+0	2.3538519808E-14	0.0000000000E+0	-2.0378404980E+4	0.0000000000E+0	2.9622997769E+4	1.8398347339E-3	0.0000000000E+0	2.1455945829E-2	-6.1676699638E-2	1.7327297868E-10	0.0000000000E+0
8.0000000000E+0	2.3538519808E-14	0.0000000000E+0	-2.0430219873E+4	0.0000000000E+0	2.9622998845E+4	1.8788406589E-3	0.0000000000E+0	2.1419374313E-2	-6.1678100001E-2	1.3547330577E-10	0.0000000000E+0
9.0000000000E+0	2.3538519808E-14	0.0000000000E+0	-2.0195178356E+4	0.0000000000E+0	2.9622998956E+4	1.8836043356E-3	0.0000000000E+0	2.1403516464E-2	-6.1676372477E-2	1.2441576232E-10	0.0000000000E+0
1.0000000000E+1	2.3538519808E-14	0.0000000000E+0	-2.0274392889E+4	0.0000000000E+0	2.9623002697E+4	1.8433633859E-3	0.0000000000E+0	2.1366190809E-2	-6.1676384328E-2	1.9413564129E-10	0.0000000000E+0
1.1000000000E+1	2.3538519808E-14	0.0000000000E+0	-2.0286950640E+4	0.0000000000E+0	2.9623002120E+4	1.8563315658E-3	0.0000000000E+0	2.1402395363E-2	-6.1676776988E-2	1.7430536755E-10	0.0000000000E+0
1.2000000000E+1	2.3538519808E-14	0.0000000000E+0	-2.0137176092E+4	0.0000000000E+0	2.9623003568E+4	1.8834458031E-3	0.0000000000E+0	2.1430399984E-2	-6.1676203168E-2	1.5897382131E-10	0.0000000000E+0
1.3000000000E+1	2.3538519808E-14	0.0000000000E+0	-1.9837290693E+4	0.0000000000E+0	2.9623003485E+4	1.8174785748E-3	0.0000000000E+0	2.1357445107E-2	-6.1674643834E-2	2.2304813492E-10	0.0000000000E+0
1.4000000000E+1	2.3538519808E-14	0.0000000000E+0	-2.0146541200E+4	0.0000000000E+0	2.9623007134E+4	1.8387101967E-3	0.0000000000E+0	2.1262981428E-2	-6.1677257462E-2	1.6529283059E-10	0.0000000000E+0
1.5000000000E+1	2.3538519808E-14	0.0000000000E+0	-2.0025016466E+4	0.0000000000E+0	2.9623004176E+4	1.8203182338E-3	0.0000000000E+0	2.1315863368E-2	-6.1675461197E-2	1.9712901761E-10	0.0000000000E+0
1.6000000000E+1	2.3538519808E-14	0.0000000000E+0	-2.0047750816E+4	0.0000000000E+0	2.9623006748E+4	1.8360499901E-3	0.0000000000E+0	2.1357737109E-2	-6.1671219177E-2	1.7214982845E-10	0.0000000000E+0
1.7000000000E+1	2.3538519808E-14	0.0000000000E+0	-2.0128620895E+4	0.0000000000E+0	2.9623011593E+4	1.8268563523E-3	0.0000000000E+0	2.1324468676E-2	-6.1677922351E-2	1.8027177497E-10	0.0000000000E+0
1.8000000000E+1	2.3538519808E-14	0.0000000000E+0	-1.9834685282E+4	0.0000000000E+0	2.9623007089E+4	1.7980557202E-3	0.0000000000E+0	2.1290424589E-2	-6.1677320913E-2	2.0224097462E-10	0.0000000000E+0
1.9000000000E+1	2.3538519808E-14	0.0000000000E+0	-1.9988828500E+4	0.0000000000E+0	2.9623010666E+4	1.7946498370E-3	0.0000000000E+0	2.1344410375E-2	-6.1678023860E-2	2.2446488057E-10	0.0000000000E+0
2.0000000000E+1	2.3538519808E-14	0.0000000000E+0	-1.9910550570E+4	0.0000000000E+0	2.9623008572E+4	1.8220822016E-3	0.0000000000E+0	2.1376911392E-2	-6.1676023521E-2	2.0900114459E-10	0.0000000000E+0
2.1000000000E+1	2.3538519808E-14	0.0000000000E+0	-1.9958884442E+4	0.0000000000E+0	2.9623011457E+4	1.8307695806E-3	0.0000000000E+0	2.1386003952E-2	-6.1672746137E-2	1.9344081990E-10	0.0000000000E+0
2.2000000000E+1	2.3538519808E-14	0.0000000000E+0	-1.9577609573E+4	0.0000000000E+0	2.9623009874E+4	1.7868166268E-3	0.0000000000E+0	2.1445109138E-2	-6.1673034935E-2	2.3661674087E-10	0.0000000000E+0
2.3000000000E+1	2.3538519808E-14	0.0000000000E+0	-1.9905821188E+4	0.0000000000E+0	2.9623014050E+4	1.8459247146E-3	0.0000000000E+0	2.1481494993E-2	-6.1672052867E-2	1.9999272821E-10	0.0000000000E+0
2.4000000000E+1	2.3538519808E-14	0.0000000000E+0	-1.9729611757E+4	0.0000000000E+0	2.9623009667E+4	1.8083631420E-3	0.0000000000E+0	2.1315815951E-2	-6.1675851021E-2	2.2684024564E-10	0.0000000000E+0
2.5000000000E+1	2.3538519808E-14	0.0000000000E+0	-1.9986647440E+4	0.0000000000E+0	2.9623011780E+4	1.8521667792E-3	0.0000000000E+0	2.1362304166E-2	-6.1673514659E-2	2.0181736149E-10	0.0000000000E+0
2.6000000000E+1	2.3538519808E-14	0.0000000000E+0	-1.9808627514E+4	0.0000000000E+0	2.9623015722E+4	1.8159667112E-3	0.0000000000E+0	2.1349776154E-2	-6.1671096700E-2	2.1670046073E-10	0.0000000000E+0
2.7000000000E+1	2.3538519808E-14	0.0000000000E+0	-1.9851067187E+4	0.0000000000E+0	2.9623013909E+4	1.8103942448E-3	0.0000000000E+0	2.1359561577E-2	-6.1676080500E-2	2.1839460071E-10	0.0000000000E+0
2.8000000000E+1	2.3538519808E-14	0.0000000000E+0	-1.9609549144E+4	0.0000000000E+0	2.9623012659E+4	1.7995770425E-3	0.0000000000E+0	2.1315768153E-2	-6.1675220400E-2	2.2481893166E-10	0.0000000000E+0
2.9000000000E+1	2.3538519808E-14	0.0000000000E+0	-1.9731610862E+4	0.0000000000E+0	2.9623017945E+4	1.8137552948E-3	0.0000000000E+0	2.1427905858E-2	-6.1675091324E-2	2.2852772467E-10	0.0000000000E+0
3.0000000000E+1	2.3538519808E-14	0.0000000000E+0	-1.9700912843E+4	0.0000000000E+0	2.9623016748E+4	1.8112796976E-3	0.0000000000E+0	2.1389393832E-2	-6.1673127225E-2	2.0961115297E-10	0.0000000000E+0
3.1000000000E+1	2.3538519808E-14	0.0000000000E+0	-1.9712351803E+4	0.0000000000E+0	2.9623020230E+4	1.8054294522E-3	0.0000000000E+0	2.1359830132E-2	-6.1673879293E-2	2.1163498966E-10	0.0000000000E+0
3.2000000000E+1	2.3538519808E-14	0.0000000000E+0	-1.9538642388E+4	0.0000000000E+0	2.9623072028E+4	1.7359544730E-3	0.0000000000E+0	2.1362012037E-2	-6.1662725105E-2	1.9426977425E-10	0.0000000000E+0
3.3000000000E+1	2.3538519808E-14	0.0000000000E+0	-1.9746785568E+4	0.0000000000E+0	2.9623013846E+4	1.8078889377E-3	0.0000000000E+0	2.1409906311E-2	-6.1663212763E-2	1.8977077634E-10	0.0000000000E+0
3.4000000000E+1	2.3538519808E-14	0.0000000000E+0	-1.9587514637E+4	0.0000000000E+0	2.9623020918E+4	1.7835926535E-3	0.0000000000E+0	2.1399762802E-2	-6.1672449366E-2	2.2678156551E-10	0.0000000000E+0
3.5000000000E+1	2.3538519808E-14	0.0000000000E+0	-1.9848312590E+4	0.0000000000E+0	2.9623022162E+4	1.8299083734E-3	0.0000000000E+0	2.1514341494E-2	-6.1665329514E-2	1.7405459226E-10	0.0000000000E+0
3.6000000000E+1	2.3538519808E-14	0.0000000000E+0	-1.9748023952E+4	0.0000000000E+0	2.9623027661E+4	1.8164346444E-3	0.0000000000E+0	2.1513366318E-2	-6.1676437670E-2	1.7991738471E-10	0.0000000000E+0
3.7000000000E+1	2.3538519808E-14	0.0000000000E+0	-2.0345263861E+4	0.0000000000E+0	2.9623026194E+4	1.8772233710E-3	0.0000000000E+0	2.1559518382E-2	-6.1675921783E-2	1.1395109815E-10	0.0000000000E+0
3.8000000000E+1	2.3538519808E-14	0.0000000000E+0	-1.9982486224E+4	0.0000000000E+0	2.9623023535E+4	1.8698498971E-3	0.0000000000E+0	2.1506101685E-2	-6.1669546051E-2	1.3738686649E-10	0.0000000000E+0
3.9000000000E+1	2.3538519808E-14	0.0000000000E+0	-1.9905488221E+4	0.0000000000E+0	2.9623025214E+4	1.8609648571E-3	0.0000000000E+0	2.1569864120E-2	-6.1672497368E-2	1.6638737181E-10	0.0000000000E+0
4.0000000000E+1	2.3538519808E-14	0.0000000000E+0	-1.9978577942E+4	0.0000000000E+0	2.9623025115E+4	1.8788970765E-3	0.0000000000E+0	2.1583951314E-2	-6.1657497800E-2	1.5225023682E-10	0.0000000000E+0
4.1000000000E+1	2.3538519808E-14	0.0000000000E+0	-1.9957245448E+4	0.0000000000E+0	2.9623025017E+4	1.8764412934E-3	0.0000000000E+0	2.1520733871E-2	-6.1658359248E-2	1.5737692361E-10	0.0000000000E+0
4.2000000000E+1	2.3538519808E-14	0.0000000000E+0	-1.9807812066E+4	0.0000000000E+0	2.9623029620E+4	1.8771104081E-3	0.0000000000E+0	2.1512753181E-2	-6.1658582395E-2	1.5117522324E-10	0.0000000000E+0
4.3000000000E+1	2.3538519808E-14	0.0000000000E+0	-2.0209497151E+4	0.0000000000E+0	2.9623028220E+4	1.9244112820E-3	0.0000000000E+0	2.1489206441E-2	-6.1663168526E-2	9.6047473892E-11	0.0000000000E+0
4.4000000000E+1	2.3538519808E-14	0.0000000000E+0	-2.0110351832E+4	0.0000000000E+0	2.9623030533E+4	1.9100016549E-3	0.0000000000E+0	2.1630048116E-2	-6.1661481018E-2	1.0958355731E-10	0.0000000000E+0
4.5000000000E+1	2.3538519808E-14	0.0000000000E+0	-2.0253890308E+4	0.0000000000E+0	2.9623032289E+4	1.9110564889E-3	0.0000000000E+0	2.1545081393E-2	-6.1668867226E-2	8.7408356021E-11	0.0000000000E+0
4.6000000000E+1	2.3538519808E-14	0.0000000000E+0	-2.0397668841E+4	0.0000000000E+0	2.9623038039E+4	1.9294206536E-3	0.0000000000E+0	2.1509941648E-2	-6.1665247320E-2	5.2029712872E-11	0.0000000000E+0
4.7000000000E+1	2.3538519808E-14	0.0000000000E+0	-2.0449213558E+4	0.0000000000E+0	2.9623037533E+4	1.9529967434E-3	0.0000000000E+0	2.1530506363E-2	-6.1672856293E-2	3.8724147689E-11	0.0000000000E+0
4.8000000000E+1	2.3538519808E-14	0.0000000000E+0	-2.0575369624E+4	0.0000000000E+0	2.9623034932E+4	1.9492505201E-3	0.0000000000E+0	2.1611168645E-2	-6.1652368215E-2	3.8358182156E-11	0.0000000000E+0
4.9000000000E+1	2.3538519808E-14	0.0000000000E+0	-2.0445809065E+4	0.0000000000E+0	2.9623041658E+4	1.9428078075E-3	0.0000000000E+0	2.1561912740E-2	-6.1657847303E-2	2.5831141271E-11	0.0000000000E+0
5.0000000000E+1	2.3538519808E-14	0.0000000000E+0	-2.0493290719E+4	0.0000000000E+0	2.9623043791E+4	1.9428018548E-3	0.0000000000E+0	2.1548525925E-2	-6.1651677017E-2	4.5038947272E-11	0.0000000000E+0
5.1000000000E+1	2.3538519808E-14	0.0000000000E+0	-2.0466077533E+4	0.0000000000E+0	2.9623043441E+4	1.9322603648E-3	0.0000000000E+0	2.1436969032E-2	-6.1654294243E-2	1.0437768559E-10	0.0000000000E+0
5.2000000000E+1	2.3538519808E-14	0.0000000000E+0	-2.0621974990E+4	0.0000000000E+0	2.9623047774E+4	1.9442405294E-3	0.0000000000E+0	2.1450146929E-2	-6.1655330073E-2	1.0282552159E-10	0.0000000000E+0
5.3000000000E+1	2.3538519808E-14	0.0000000000E+0	-2.0331949466E+4	0.0000000000E+0	2.9623048179E+4	1.9578435678E-3	0.0000000000E+0	2.1470326780E-2	-6.1654004720E-2	1.4809797583E-10	0.0000000000E+0
5.4000000000E+1	2.3538519808E-14	0.0000000000E+0	-2.0295408154E+4	0.0000000000E+0	2.9623041867E+4	1.9770038764E-3	0.0000000000E+0	2.1433947639E-2	-6.1652104797E-2	1.5292096816E-10	0.0000000000E+0
5.5000000000E+1	2.3538519808E-14	0.0000000000E+0	-2.0521074993E+4	0.0000000000E+0	2.9623050114E+4	1.9943099340E-3	0.0000000000E+0	2.1530291278E-2	-6.1651385803E-2	6.4212291204E-11	0.0000000000E+0
5.6000000000E+1	2.3538519808E-14	0.0000000000E+0	-2.0085992647E+4	0.0000000000E+0	2.9623057770E+4	1.9481252968E-3	0.0000000000E+0	2.1459434319E-2	-6.1650042699E-2	1.8173423128E-10	0.0000000000E+0
5.7000000000E+1	2.3538519808E-14	0.0000000000E+0	-1.9791830343E+4	0.0000000000E+0	2.9623055086E+4	1.9153722932E-3	0.0000000000E+0	2.1485867653E-2	-6.1647362010E-2	1.8855091358E-10	0.0000000000E+0
5.8000000000E+1	2.3538519808E-14	0.0000000000E+0	-1.9940636892E+4	0.0000000000E+0	2.9623060998E+4	1.9052632376E-3	0.0000000000E+0	2.1493228327E-2	-6.1648718719E-2	2.2339185353E-10	0.0000000000E+0
5.9000000000E+1	2.3538519808E-14	0.0000000000E+0	-1.9937249603E+4	0.0000000000E+0	2.9623065142E+4	1.9275540580E-3	0.0000000000E+0	2.1469520022E-2	-6.1649920731E-2	2.3992777768E-10	0.0000000000E+0
6.0000000000E+1	2.3538519808E-14	0.0000000000E+0	-1.9588220503E+4	0.0000000000E+0	2.9623065701E+4	1.9065299568E-3	0.0000000000E+0	2.1511249657E-2	-6.1651300659E-2	2.4634257854E-10	0.0000000000E+0
6.1000000000E+1	2.3538519808E-14	0.0000000000E+0	-1.9362435556E+4	0.0000000000E+0	2.9623066891E+4	1.9105590650E-3	0.0000000000E+0	2.1516820399E-2	-6.1650301425E-2	2.4266423478E-10	0.0000000000E+0
6.2000000000E+1	2.3538519808E-14	0.0000000000E+0	-1.9517940772E+4	0.0000000000E+0	2.9623071257E+4	1.9261214199E-3	0.0000000000E+0	2.1463719635E-2	-6.1654324862E-2	2.3701235749E-10	0.0000000000E+0
6.3000000000E+1	2.3538519808E-14	0.0000000000E+0	-1.9778641143E+4	0.0000000000E+0	2.9623078865E+4	1.9488379523E-3	0.0000000000E+0	2.1433396772E-2	-6.1669466642E-2	1.8221069023E-10	0.0000000000E+0
6.4000000000E+1	2.3538519808E-14	0.0000000000E+0	-2.0012060130E+4	0.0000000000E+0	2.9623082578E+4	1.9748063676E-3	0.0000000000E+0	2.1401330592E-2	-6.1656952527E-2	1.2704729147E-10	0.0000000000E+0
6.5000000000E+1	2.3538519808E-14	0.0000000000E+0	-2.0019562903E+4	0.0000000000E+0	2.9623092471E+4	1.9853800267E-3	0.0000000000E+0	2.1355552966E-2	-6.1662556826E-2	7.2156304199E-11	0.0000000000E+0
6.6000000000E+1	2.3538519808E-14	0.0000000000E+0	-2.0499371947E+4	0.0000000000E+0	2.9623096486E+4	1.9895337695E-3	0.0000000000E+0	2.1352959417E-2	-6.1670759583E-2	1.0427964194E-10	0.0000000000E+0
6.7000000000E+1	2.3538519808E-14	0.0000000000E+0	-2.0431629400E+4	0.0000000000E+0	2.9623099634E+4	1.9845412362E-3	0.0000000000E+0	2.1434622116E-2	-6.1672360929E-2	1.1488728562E-10	0.0000000000E+0
6.8000000000E+1	2.3538519808E-14	0.0000000000E+0	-2.0325049531E+4	0.0000000000E+0	2.9623109254E+4	1.9878337803E-3	0.0000000000E+0	2.1450967280E-2	-6.1671720174E-2	1.7610373233E-10	0.0000000000E+0
6.9000000000E+1	2.3538519808E-14	0.0000000000E+0	-1.9717433101E+4	0.0000000000E+0	2.9623096589E+4	1.9362209825E-3	0.0000000000E+0	2.1431276131E-2	-6.1658043531E-2	1.9874148103E-10	0.0000000000E+0
7.0000000000E+1	2.3538519808E-14	0.0000000000E+0	-2.0313026806E+4	0.0000000000E+0	2.9623105777E+4	1.9834387168E-3	0.0000000000E+0	2.1358564720E-2	-6.1647181117E-2	1.3588743499E-10	0.0000000000E+0
7.1000000000E+1	2.3538519808E-14	0.0000000000E+0	-1.9654140850E+4	0.0000000000E+0	2.9623110213E+4	1.9080838937E-3	0.0000000000E+0	2.1256996638E-2	-6.1648429794E-2	2.3806143711E-10	0.0000000000E+0
7.2000000000E+1	2.3538519808E-14	0.0000000000E+0	-1.9707057821E+4	0.0000000000E+0	2.9623115300E+4	1.9363502809E-3	0.0000000000E+0	2.1277519849E-2	-6.1646806984E-2	2.0978754508E-10	0.0000000000E+0
7.3000000000E+1	2.3538519808E-14	0.0000000000E+0	-1.9652259634E+4	0.0000000000E+0	2.9623107623E+4	1.9050996775E-3	0.0000000000E+0	2.1312568080E-2	-6.1646961555E-2	2.1942313222E-10	0.0000000000E+0
7.4000000000E+1	2.3538519808E-14	0.0000000000E+0	-1.9847737037E+4	0.0000000000E+0	2.9623119103E+4	1.8716420772E-3	0.0000000000E+0	2.1369494298E-2	-6.1649363441E-2	2.3885951293E-10	0.0000000000E+0
7.5000000000E+1	2.3538519808E-14	0.0000000000E+0	-1.9604454319E+4	0.0000000000E+0	2.9623124488E+4	1.8745987531E-3	0.0000000000E+0	2.1267275098E-2	-6.1655477575E-2	2.1825841548E-10	0.0000000000E+0
7.6000000000E+1	2.3538519808E-14	0.0000000000E+0	-1.9880813408E+4	0.0000000000E+0	2.9623118679E+4	1.9584951474E-3	0.0000000000E+0	2.1250703417E-2	-6.1647068024E-2	1.7721425172E-10	0.0000000000E+0
7.7000000000E+1	2.3538519808E-14	0.0000000000E+0	-1.9442386939E+4	0.0000000000E+0	2.9623128618E+4	1.9405488720E-3	0.0000000000E+0	2.1304988670E-2	-6.1648602816E-2	1.9610836448E-10	0.0000000000E+0
7.8000000000E+1	2.3538519808E-14	0.0000000000E+0	-2.0117175676E+4	0.0000000000E+0	2.9623139764E+4	1.9774025199E-3	0.0000000000E+0	2.1199752604E-2	-6.1646772652E-2	1.2136097941E-10	0.0000000000E+0
7.9000000000E+1	2.3538519808E-14	0.0000000000E+0	-2.0658219802E+4	0.0000000000E+0	2.9623144069E+4	2.0225353825E-3	0.0000000000E+0	2.1206380564E-2	-6.1645688680E-2	3.1622846923E-11	0.0000000000E+0
8.0000000000E+1	2.3538519808E-14	0.0000000000E+0	-2.0527757768E+4	0.0000000000E+0	2.9623142508E+4	2.0046583514E-3	0.0000000000E+0	2.1189369774E-2	-6.1644251722E-2	1.1398671238E-10	0.0000000000E+0
8.1000000000E+1	2.3538519808E-14	0.0000000000E+0	-2.0199819051E+4	0.0000000000E+0	2.9623141486E+4	1.9912858091E-3	0.0000000000E+0	2.1249955126E-2	-6.1642323659E-2	8.3603988887E-11	0.0000000000E+0
8.2000000000E+1	2.3538519808E-14	0.0000000000E+0	-2.0649037900E+4	0.0000000000E+0	2.9623140911E+4	1.9808241841E-3	0.0000000000E+0	2.1348519885E-2	-6.1643853874E-2	8.4557226801E-11	0.0000000000E+0
8.3000000000E+1	2.3538519808E-14	0.0000000000E+0	-2.0741703492E+4	0.0000000000E+0	2.9623139221E+4	1.9926557247E-3	0.0000000000E+0	2.1321865959E-2	-6.1643443807E-2	7.4408857302E-11	0.0000000000E+0
8.4000000000E+1	2.3538519808E-14	0.0000000000E+0	-2.0569433242E+4	0.0000000000E+0	2.9623137546E+4	2.0187267643E-3	0.0000000000E+0	2.1313886007E-2	-6.1643601456E-2	3.8078860212E-11	0.0000000000E+0
8.5000000000E+1	2.3538519808E-14	0.0000000000E+0	-2.0570861230E+4	0.0000000000E+0	2.9623137069E+4	2.0080954374E-3	0.0000000000E+0	2.1235018501E-2	-6.1643061930E-2	2.3498311925E-11	0.0000000000E+0
8.6000000000E+1	2.3538519808E-14	0.0000000000E+0	-2.0749509938E+4	0.0000000000E+0	2.9623126191E+4	2.0173064417E-3	0.0000000000E+0	2.1395695992E-2	-6.1644803658E-2	2.2216891368E-11	0.0000000000E+0
8.7000000000E+1	2.3538519808E-14	0.0000000000E+0	-1.9728608124E+4	0.0000000000E+0	2.9623118412E+4	1.9270199826E-3	0.0000000000E+0	2.1300982793E-2	-6.1644257342E-2	1.5393766503E-10	0.0000000000E+0
8.8000000000E+1	2.3538519808E-14	0.0000000000E+0	-1.9737746939E+4	0.0000000000E+0	2.9623111457E+4	1.9078024287E-3	0.0000000000E+0	2.1316374168E-2	-6.1644140816E-2	2.0083334654E-10	0.0000000000E+0
8.9000000000E+1	2.3538519808E-14	0.0000000000E+0	-1.9691591621E+4	0.0000000000E+0	2.9623101074E+4	1.8742120641E-3	0.0000000000E+0	2.1241544113E-2	-6.1643002116E-2	2.4879263553E-10	0.0000000000E+0
9.0000000000E+1	2.3538519808E-14	0.0000000000E+0	-2.0244361267E+4	0.0000000000E+0	2.9623099449E+4	1.9778127781E-3	0.0000000000E+0	2.1430412191E-2	-6.1642454885E-2	1.6202982022E-10	0.0000000000E+0
9.1000000000E+1	2.3538519808E-14	0.0000000000E+0	-2.0276455275E+4	0.0000000000E+0	2.9623105197E+4	1.9653183939E-3	0.0000000000E+0	2.1397472483E-2	-6.1642951228E-2	1.2390858058E-10	0.0000000000E+0
9.2000000000E+1	2.3538519808E-14	0.0000000000E+0	-2.0300297119E+4	0.0000000000E+0	2.9623094003E+4	1.9464006737E-3	0.0000000000E+0	2.1382516950E-2	-6.1644138362E-2	1.8057577012E-10	0.0000000000E+0
9.3000000000E+1	2.3538519808E-14	0.0000000000E+0	-2.0684342454E+4	0.0000000000E+0	2.9623095775E+4	2.0007366580E-3	0.0000000000E+0	2.1389639308E-2	-6.1644274572E-2	7.2609754757E-11	0.0000000000E+0
9.4000000000E+1	2.3538519808E-14	0.0000000000E+0	-2.0215406503E+4	0.0000000000E+0	2.9623080876E+4	1.9876054599E-3	0.0000000000E+0	2.1457618866E-2	-6.1645795225E-2	1.0257110635E-10	0.0000000000E+0
9.5000000000E+1	2.3538519808E-14	0.0000000000E+0	-2.0219899567E+4	0.0000000000E+0	2.9623079777E+4	1.9780272653E-3	0.0000000000E+0	2.1437997462E-2	-6.1644653282E-2	8.9453611852E-11	0.0000000000E+0
9.6000000000E+1	2.3538519808E-14	0.0000000000E+0	-2.0067320796E+4	0.0000000000E+0	2.9623076954E+4	1.9652819653E-3	0.0000000000E+0	2.1320280965E-2	-6.1642897466E-2	1.0554903973E-10	0.0000000000E+0
9.7000000000E+1	2.3538519808E-14	0.0000000000E+0	-2.0015584964E+4	0.0000000000E+0	2.9623068924E+4	1.9501355448E-3	0.0000000000E+0	2.1364880040E-2	-6.1642354215E-2	1.3856514957E-10	0.0000000000E+0
9.8000000000E+1	2.3538519808E-14	0.0000000000E+0	-1.9464812132E+4	0.0000000000E+0	2.9623059483E+4	1.8905098169E-3	0.0000000000E+0	2.1449552294E-2	-6.1642074420E-2	2.3488049005E-10	0.0000000000E+0
9.9000000000E+1	2.3538519808E-14	0.0000000000E+0	-1.9754904675E+4	0.0000000000E+0	2.9623053669E+4	1.9158507026E-3	0.0000000000E+0	2.1387230034E-2	-6.1642480850E-2	2.4342226885E-10	0.0000000000E+0
1.0000000000E+2	2.3538519808E-14	0.0000000000E+0	-2.0146472067E+4	0.0000000000E+0	2.9623051232E+4	1.9585902071E-3	0.0000000000E+0	2.1482072576E-2	-6.1640519066E-2	1.7829330860E-10	0.0000000000E+0
1.0100000000E+2	2.3538519808E-14	0.0000000000E+0	-2.0031215971E+4	0.0000000000E+0	2.9623045028E+4	1.9683918919E-3	0.0000000000E+0	2.1557078832E-2	-6.1641415342E-2	1.4508912285E-10	0.0000000000E+0
1.0200000000E+2	2.3538519808E-14	0.0000000000E+0	-2.0500204793E+4	0.0000000000E+0	2.9623046357E+4	1.9888938809E-3	0.0000000000E+0	2.1529814720E-2	-6.1638888130E-2	1.1463992025E-10	0.0000000000E+0
1.0300000000E+2	2.3538519808E-14	0.0000000000E+0	-2.0358391494E+4	0.0000000000E+0	2.9623038282E+4	1.9826987120E-3	0.0000000000E+0	2.1470067418E-2	-6.1638786430E-2	1.4887270721E-10	0.0000000000E+0
1.0400000000E+2	2.3538519808E-14	0.0000000000E+0	-2.0433822590E+4	0.0000000000E+0	2.9623042577E+4	2.0297723117E-3	0.0000000000E+0	2.1517793617E-2	-6.1637378400E-2	2.5540684572E-11	0.0000000000E+0
1.0500000000E+2	2.3538519808E-14	0.0000000000E+0	-2.0366431158E+4	0.0000000000E+0	2.9623028270E+4	2.0188448569E-3	0.0000000000E+0	2.1508310343E-2	-6.1638864517E-2	9.3627461028E-11	0.0000000000E+0
1.0600000000E+2	2.3538519808E-14	0.0000000000E+0	-2.0125204592E+4	0.0000000000E+0	2.9623028956E+4	2.0055157472E-3	0.0000000000E+0	2.1462248586E-2	-6.1638625043E-2	1.3006999586E-10	0.0000000000E+0
1.0700000000E+2	2.3538519808E-14	0.0000000000E+0	-2.0127055876E+4	0.0000000000E+0	2.9623023526E+4	1.9922176444E-3	0.0000000000E+0	2.1521141497E-2	-6.1639003881E-2	1.0852516644E-10	0.0000000000E+0
1.0800000000E+2	2.3538519808E-14	0.0000000000E+0	-1.9839080639E+4	0.0000000000E+0	2.9623017732E+4	1.9666024148E-3	0.0000000000E+0	2.1527766558E-2	-6.1639070752E-2	1.7092872414E-10	0.0000000000E+0
1.0900000000E+2	2.3538519808E-14	0.0000000000E+0	-1.9604815761E+4	0.0000000000E+0	2.9623012310E+4	1.9192189235E-3	0.0000000000E+0	2.1676374715E-2	-6.1639846967E-2	2.3312523313E-10	0.0000000000E+0
1.1000000000E+2	2.3538519808E-14	0.0000000000E+0	-1.9753859262E+4	0.0000000000E+0	2.9623014141E+4	1.9330758477E-3	0.0000000000E+0	2.1624592997E-2	-6.1637523664E-2	2.3065321616E-10	0.0000000000E+0
1.1100000000E+2	2.3538519808E-14	0.0000000000E+0	-1.9563892042E+4	0.0000000000E+0	2.9623009147E+4	1.8996785390E-3	0.0000000000E+0	2.1642731641E-2	-6.1638435465E-2	2.6150284401E-10	0.0000000000E+0
1.1200000000E+2	2.3538519808E-14	0.0000000000E+0	-1.9507198081E+4	0.0000000000E+0	2.9623007418E+4	1.9031596488E-3	0.0000000000E+0	2.1587122294E-2	-6.1637421227E-2	2.5205755056E-10	0.0000000000E+0
1.1300000000E+2	2.3538519808E-14	0.0000000000E+0	-1.9829394923E+4	0.0000000000E+0	2.9623011161E+4	1.9404709684E-3	0.0000000000E+0	2.1554901797E-2	-6.1636505508E-2	2.4689883560E-10	0.0000000000E+0
1.1400000000E+2	2.3538519808E-14	0.0000000000E+0	-1.9752278290E+4	0.0000000000E+0	2.9623003214E+4	1.9278072047E-3	0.0000000000E+0	2.1539547717E-2	-6.1635787086E-2	2.5366122644E-10	0.0000000000E+0
1.1500000000E+2	2.3538519808E-14	0.0000000000E+0	-1.9643399704E+4	0.0000000000E+0	2.9622996218E+4	1.9539270404E-3	0.0000000000E+0	2.1497357343E-2	-6.1635939153E-2	2.1056924972E-10	0.0000000000E+0
1.1600000000E+2	2.3538519808E-14	0.0000000000E+0	-2.0342287553E+4	0.0000000000E+0	2.9623008445E+4	1.9613363998E-3	0.0000000000E+0	2.1598736916E-2	-6.1636574516E-2	1.5422459519E-10	0.0000000000E+0
1.1700000000E+2	2.3538519808E-14	0.0000000000E+0	-1.9812966722E+4	0.0000000000E+0	2.9623004216E+4	1.8918542171E-3	0.0000000000E+0	2.1586611557E-2	-6.1635309957E-2	2.7472863280E-10	0.0000000000E+0
1.1800000000E+2	2.3538519808E-14	0.0000000000E+0	-2.0048196784E+4	0.0000000000E+0	2.9623004759E+4	1.9644710682E-3	0.0000000000E+0	2.1570321541E-2	-6.1634391136E-2	1.7147893821E-10	0.0000000000E+0
1.1900000000E+2	2.3538519808E-14	0.0000000000E+0	-1.9957841258E+4	0.0000000000E+0	2.9623002686E+4	1.9130859963E-3	0.0000000000E+0	2.1539482727E-2	-6.1635227038E-2	2.2564482513E-10	0.0000000000E+0
1.2000000000E+2	2.3538519808E-14	0.0000000000E+0	-2.0257300356E+4	0.0000000000E+0	2.9623005319E+4	1.9482488415E-3	0.0000000000E+0	2.1601516291E-2	-6.1635998383E-2	1.6391971704E-10	0.0000000000E+0
1.2100000000E+2	2.3538519808E-14	0.0000000000E+0	-1.9646159521E+4	0.0000000000E+0	2.9623000772E+4	1.8730064537E-3	0.0000000000E+0	2.1574922142E-2	-6.1633992259E-2	2.3279695751E-10	0.0000000000E+0
1.2200000000E+2	2.3538519808E-14	0.0000000000E+0	-2.0136474684E+4	0.0000000000E+0	2.9623000971E+4	1.9397932835E-3	0.0000000000E+0	2.1626786664E-2	-6.1636033338E-2	1.9502339533E-10	0.0000000000E+0
1.2300000000E+2	2.3538519808E-14	0.0000000000E+0	-2.0097762560E+4	0.0000000000E+0	2.9623001713E+4	1.9213013081E-3	0.0000000000E+0	2.1621081975E-2	-6.1650738627E-2	1.8160003874E-10	0.0000000000E+0
1.2400000000E+2	2.3538519808E-14	0.0000000000E+0	-2.0014125172E+4	0.0000000000E+0	2.9623000658E+4	1.8959355438E-3	0.0000000000E+0	2.1545016848E-2	-6.1663036779E-2	2.0984635074E-10	0.0000000000E+0
1.2500000000E+2	2.3538519808E-14	0.0000000000E+0	-2.0155671900E+4	0.0000000000E+0	2.9623001920E+4	1.9493153948E-3	0.0000000000E+0	2.1607778041E-2	-6.1662304446E-2	1.3913569653E-10	0.0000000000E+0
1.2600000000E+2	2.3538519808E-14	0.0000000000E+0	-2.0127911545E+4	0.0000000000E+0	2.9622999316E+4	1.9207782218E-3	0.0000000000E+0	2.1600915718E-2	-6.1661359355E-2	1.6555664990E-10	0.0000000000E+0
1.2700000000E+2	2.3538519808E-14	0.0000000000E+0	-1.9813747658E+4	0.0000000000E+0	2.9623000258E+4	1.8357768490E-3	0.0000000000E+0	2.1484813970E-2	-6.1657316360E-2	1.6125673552E-10	0.0000000000E+0
1.2800000000E+2	2.3538519808E-14	0.0000000000E+0	-2.0151157800E+4	0.0000000000E+0	2.9622995971E+4	1.9387347996E-3	0.0000000000E+0	2.1489612122E-2	-6.1655772120E-2	1.7987616153E-10	0.0000000000E+0
1.2900000000E+2	2.3538519808E-14	0.0000000000E+0	-2.0460207535E+4	0.0000000000E+0	2.9623004702E+4	1.9315398001E-3	0.0000000000E+0	2.1562201551E-2	-6.1655090396E-2	1.6500179380E-10	0.0000000000E+0
1.3000000000E+2	2.3538519808E-14	0.0000000000E+0	-2.0008733891E+4	0.0000000000E+0	2.9622998809E+4	1.8839704226E-3	0.0000000000E+0	2.1547788251E-2	-6.1656038615E-2	2.4078933741E-10	0.0000000000E+0
1.3100000000E+2	2.3538519808E-14	0.0000000000E+0	-2.0336331449E+4	0.0000000000E+0	2.9623002095E+4	1.9490418019E-3	0.0000000000E+0	2.1584038429E-2	-6.1655223541E-2	1.2010143747E-10	0.0000000000E+0
1.3200000000E+2	2.3538519808E-14	0.0000000000E+0	-2.0121321300E+4	0.0000000000E+0	2.9622995920E+4	1.8940432776E-3	0.0000000000E+0	2.1567759590E-2	-6.1654913457E-2	1.9432526038E-10	0.0000000000E+0
1.3300000000E+2	2.3538519808E-14	0.0000000000E+0	-2.0345206695E+4	0.0000000000E+0	2.9622998748E+4	1.9281447609E-3	0.0000000000E+0	2.1510439974E-2	-6.1656027107E-2	9.1258551838E-11	0.0000000000E+0
1.3400000000E+2	2.3538519808E-14	0.0000000000E+0	-2.0200849748E+4	0.0000000000E+0	2.9622998612E+4	1.8910085406E-3	0.0000000000E+0	2.1648474770E-2	-6.1653291181E-2	1.7214784659E-10	0.0000000000E+0
1.3500000000E+2	2.3538519808E-14	0.0000000000E+0	-2.0362370073E+4	0.0000000000E+0	2.9623003514E+4	1.8935028880E-3	0.0000000000E+0	2.1537444255E-2	-6.1651823654E-2	1.5894296606E-10	0.0000000000E+0
1.3600000000E+2	2.3538519808E-14	0.0000000000E+0	-2.0024021743E+4	0.0000000000E+0	2.9622990396E+4	1.8740825861E-3	0.0000000000E+0	2.1557753576E-2	-6.1651591784E-2	2.0411285998E-10	0.0000000000E+0
1.3700000000E+2	2.3538519808E-14	0.0000000000E+0	-2.0502692364E+4	0.0000000000E+0	2.9622996029E+4	1.9527224245E-3	0.0000000000E+0	2.1576715508E-2	-6.1648039831E-2	5.9625464933E-11	0.0000000000E+0
1.3800000000E+2	2.3538519808E-14	0.0000000000E+0	-2.0268702872E+4	0.0000000000E+0	2.9622993631E+4	1.9101258634E-3	0.0000000000E+0	2.1576891276E-2	-6.1649433734E-2	1.4744332052E-10	0.0000000000E+0
1.3900000000E+2	2.3538519808E-14	0.0000000000E+0	-2.0458041098E+4	0.0000000000E+0	2.9622995692E+4	1.9309063267E-3	0.0000000000E+0	2.1721098366E-2	-6.1649346402E-2	1.0564171803E-10	0.0000000000E+0
1.4000000000E+2	2.3538519808E-14	0.0000000000E+0	-2.0462297664E+4	0.0000000000E+0	2.9622993443E+4	1.9305961379E-3	0.0000000000E+0	2.1612757047E-2	-6.1648302930E-2	1.3036251655E-10	0.0000000000E+0
1.4100000000E+2	2.3538519808E-14	0.0000000000E+0	-2.0522226803E+4	0.0000000000E+0	2.9622988870E+4	1.9412325830E-3	0.0000000000E+0	2.1564752464E-2	-6.1646994171E-2	1.0646155813E-10	0.0000000000E+0
1.4200000000E+2	2.3538519808E-14	0.0000000000E+0	-2.0452978773E+4	0.0000000000E+0	2.9622992026E+4	1.9522909174E-3	0.0000000000E+0	2.1478210080E-2	-6.1645252749E-2	1.0204280128E-11	0.0000000000E+0
1.4300000000E+2	2.3538519808E-14	0.0000000000E+0	-2.0525903828E+4	0.0000000000E+0	2.9622992999E+4	1.9299775651E-3	0.0000000000E+0	2.1479124870E-2	-6.1646095098E-2	8.6399477653E-11	0.0000000000E+0
1.4400000000E+2	2.3538519808E-14	0.0000000000E+0	-2.0584771427E+4	0.0000000000E+0	2.9622990879E+4	1.9199310884E-3	0.0000000000E+0	2.1564290911E-2	-6.1645278549E-2	1.0268366580E-10	0.0000000000E+0
1.4500000000E+2	2.3538519808E-14	0.0000000000E+0	-2.0664488826E+4	0.0000000000E+0	2.9622988955E+4	1.9250335705E-3	0.0000000000E+0	2.1566064034E-2	-6.1644930725E-2	7.6912996743E-11	0.0000000000E+0
1.4600000000E+2	2.3538519808E-14	0.0000000000E+0	-2.0585321766E+4	0.0000000000E+0	2.9622989824E+4	1.9147341113E-3	0.0000000000E+0	2.1473461609E-2	-6.1646249784E-2	4.0594357723E-11	0.0000000000E+0
1.4700000000E+2	2.3538519808E-14	0.0000000000E+0	-2.0614697221E+4	0.0000000000E+0	2.9622989311E+4	1.9311290530E-3	0.0000000000E+0	2.1554285762E-2	-6.1645218328E-2	2.5934891630E-11	0.0000000000E+0
1.4800000000E+2	2.3538519808E-14	0.0000000000E+0	-2.0453597459E+4	0.0000000000E+0	2.9622992033E+4	1.9174841735E-3	0.0000000000E+0	2.1467107913E-2	-6.1644885890E-2	3.9636659717E-11	0.0000000000E+0
1.4900000000E+2	2.3538519808E-14	0.0000000000E+0	-2.0455981804E+4	0.0000000000E+0	2.9622986286E+4	1.9374009170E-3	0.0000000000E+0	2.1434954160E-2	-6.1643743146E-2	3.9651432089E-11	0.0000000000E+0
1.5000000000E+2	2.3538519808E-14	0.0000000000E+0	-2.0519204625E+4	0.0000000000E+0	2.9622987062E+4	1.9085711924E-3	0.0000000000E+0	2.1583194771E-2	-6.1645334689E-2	1.1244038741E-11	0.0000000000E+0
1.5100000000E+2	2.3538519808E-14	0.0000000000E+0	-2.0553200310E+4	0.0000000000E+0	2.9622984755E+4	1.9125795504E-3	0.0000000000E+0	2.1445951284E-2	-6.1647322477E-2	2.5392715669E-11	0.0000000000E+0
1.5200000000E+2	2.3538519808E-14	0.0000000000E+0	-2.0607976961E+4	0.0000000000E+0	2.9622985456E+4	1.9105663664E-3	0.0000000000E+0	2.1438495827E-2	-6.1646861420E-2	2.4448010871E-11	0.0000000000E+0
1.5300000000E+2	2.3538519808E-14	0.0000000000E+0	-2.0566810343E+4	0.0000000000E+0	2.9622984779E+4	1.9027306502E-3	0.0000000000E+0	2.1466671460E-2	-6.1646087596E-2	2.8268098258E-11	0.0000000000E+0
1.5400000000E+2	2.3538519808E-14	0.0000000000E+0	-2.0575343679E+4	0.0000000000E+0	2.9622982494E+4	1.9098932796E-3	0.0000000000E+0	2.1467921028E-2	-6.1646597417E-2	3.0920608611E-11	0.0000000000E+0
1.5500000000E+2	2.3538519808E-14	0.0000000000E+0	-2.0492146971E+4	0.0000000000E+0	2.9622980852E+4	1.8877884435E-3	0.0000000000E+0	2.1476407000E-2	-6.1646894239E-2	7.0530050264E-11	0.0000000000E+0
1.5600000000E+2	2.3538519808E-14	0.0000000000E+0	-2.0162159717E+4	0.0000000000E+0	2.9622978575E+4	1.8769673628E-3	0.0000000000E+0	2.1470240657E-2	-6.1646831309E-2	7.4999778632E-11	0.0000000000E+0
1.5700000000E+2	2.3538519808E-14	0.0000000000E+0	-2.0084890579E+4	0.0000000000E+0	2.9622978406E+4	1.8651619095E-3	0.0000000000E+0	2.1506000595E-2	-6.1647462145E-2	1.1496521439E-10	0.0000000000E+0
1.5800000000E+2	2.3538519808E-14	0.0000000000E+0	-2.0141293282E+4	0.0000000000E+0	2.9622976394E+4	1.8631047000E-3	0.0000000000E+0	2.1432842077E-2	-6.1645978737E-2	1.1218615870E-10	0.0000000000E+0
1.5900000000E+2	2.3538519808E-14	0.0000000000E+0	-1.9891072051E+4	0.0000000000E+0	2.9622974249E+4	1.8612368292E-3	0.0000000000E+0	2.1532206357E-2	-6.1646718534E-2	1.3482745604E-10	0.0000000000E+0
1.6000000000E+2	2.3538519808E-14	0.0000000000E+0	-1.9823082990E+4	0.0000000000E+0	2.9622970386E+4	1.8530432722E-3	0.0000000000E+0	2.1488332939E-2	-6.1648360952E-2	1.6264400413E-10	0.0000000000E+0
1.6100000000E+2	2.3538519808E-14	0.0000000000E+0	-1.9717441266E+4	0.0000000000E+0	2.9622971898E+4	1.8472874334E-3	0.0000000000E+0	2.1473841235E-2	-6.1650200907E-2	2.0311179304E-10	0.0000000000E+0
1.6200000000E+2	2.3538519808E-14	0.0000000000E+0	-1.9992280958E+4	0.0000000000E+0	2.9622970722E+4	1.8387408964E-3	0.0000000000E+0	2.1500952047E-2	-6.1648218689E-2	1.9019951273E-10	0.0000000000E+0
1.6300000000E+2	2.3538519808E-14	0.0000000000E+0	-1.9830749752E+4	0.0000000000E+0	2.9622968990E+4	1.8368660680E-3	0.0000000000E+0	2.1462693062E-2	-6.1647974052E-2	1.8738482472E-10	0.0000000000E+0
1.6400000000E+2	2.3538519808E-14	0.0000000000E+0	-1.9895056324E+4	0.0000000000E+0	2.9622965985E+4	1.8271990732E-3	0.0000000000E+0	2.1484294548E-2	-6.1645137024E-2	1.7725379576E-10	0.0000000000E+0
1.6500000000E+2	2.3538519808E-14	0.0000000000E+0	-1.9684789966E+4	0.0000000000E+0	2.9622962435E+4	1.7961328360E-3	0.0000000000E+0	2.1440033735E-2	-6.1644178251E-2	2.2545143036E-10	0.0000000000E+0
1.6600000000E+2	2.3538519808E-14	0.0000000000E+0	-1.9646701038E+4	0.0000000000E+0	2.9622958276E+4	1.7906152107E-3	0.0000000000E+0	2.1477837753E-2	-6.1642596919E-2	2.3138299909E-10	0.0000000000E+0
1.6700000000E+2	2.3538519808E-14	0.0000000000E+0	-1.9690288654E+4	0.0000000000E+0	2.9622963855E+4	1.8093749755E-3	0.0000000000E+0	2.1441843872E-2	-6.1644183057E-2	2.2670388829E-10	0.0000000000E+0
1.6800000000E+2	2.3538519808E-14	0.0000000000E+0	-1.9902209711E+4	0.0000000000E+0	2.9622960959E+4	1.8268373039E-3	0.0000000000E+0	2.1463860512E-2	-6.1647376658E-2	1.9492996749E-10	0.0000000000E+0
1.6900000000E+2	2.3538519808E-14	0.0000000000E+0	-1.9802368061E+4	0.0000000000E+0	2.9622957347E+4	1.8030466605E-3	0.0000000000E+0	2.1399225133E-2	-6.1648209546E-2	2.3567158239E-10	0.0000000000E+0
1.7000000000E+2	2.3538519808E-14	0.0000000000E+0	-1.9971220251E+4	0.0000000000E+0	2.9622956700E+4	1.8326718453E-3	0.0000000000E+0	2.1440955111E-2	-6.1645831070E-2	2.0890228084E-10	0.0000000000E+0
1.7100000000E+2	2.3538519808E-14	0.0000000000E+0	-1.9836688321E+4	0.0000000000E+0	2.9622958318E+4	1.8278754580E-3	0.0000000000E+0	2.1520040042E-2	-6.1646410535E-2	2.3872250399E-10	0.0000000000E+0
1.7200000000E+2	2.3538519808E-14	0.0000000000E+0	-1.9749235565E+4	0.0000000000E+0	2.9622951191E+4	1.8277430762E-3	0.0000000000E+0	2.1443015531E-2	-6.1645535329E-2	2.2567768228E-10	0.0000000000E+0
1.7300000000E+2	2.3538519808E-14	0.0000000000E+0	-2.0198224947E+4	0.0000000000E+0	2.9622954007E+4	1.8570718621E-3	0.0000000000E+0	2.1506956698E-2	-6.1647080676E-2	1.8280578023E-10	0.0000000000E+0
1.7400000000E+2	2.3538519808E-14	0.0000000000E+0	-2.0143117544E+4	0.0000000000E+0	2.9622953530E+4	1.8695990368E-3	0.0000000000E+0	2.1541692797E-2	-6.1646008352E-2	1.5960339878E-10	0.0000000000E+0
1.7500000000E+2	2.3538519808E-14	0.0000000000E+0	-2.0080502508E+4	0.0000000000E+0	2.9622957093E+4	1.8093321342E-3	0.0000000000E+0	2.1507630870E-2	-6.1644876277E-2	2.3897095307E-10	0.0000000000E+0
1.7600000000E+2	2.3538519808E-14	0.0000000000E+0	-1.9695917431E+4	0.0000000000E+0	2.9622951132E+4	1.8308616268E-3	0.0000000000E+0	2.1553608195E-2	-6.1646214650E-2	2.3605970940E-10	0.0000000000E+0
1.7700000000E+2	2.3538519808E-14	0.0000000000E+0	-2.0060790171E+4	0.0000000000E+0	2.9622954721E+4	1.8495412957E-3	0.0000000000E+0	2.1527782453E-2	-6.1647126249E-2	1.8439829556E-10	0.0000000000E+0
1.7800000000E+2	2.3538519808E-14	0.0000000000E+0	-1.9915686335E+4	0.0000000000E+0	2.9622954021E+4	1.8311650226E-3	0.0000000000E+0	2.1509346326E-2	-6.1646811523E-2	2.0555221365E-10	0.0000000000E+0
1.7900000000E+2	2.3538519808E-14	0.0000000000E+0	-2.0262649075E+4	0.0000000000E+0	2.9622955636E+4	1.8534231483E-3	0.0000000000E+0	2.1484273529E-2	-6.1646599350E-2	1.6091686340E-10	0.0000000000E+0
1.8000000000E+2	2.3538519808E-14	0.0000000000E+0	-1.9941467815E+4	0.0000000000E+0	2.9622948362E+4	1.8241186138E-3	0.0000000000E+0	2.1390822169E-2	-6.1644097163E-2	2.0899463300E-10	0.0000000000E+0
1.8100000000E+2	2.3538519808E-14	0.0000000000E+0	-2.0119994339E+4	0.0000000000E+0	2.9622949450E+4	1.8270855476E-3	0.0000000000E+0	2.1345334422E-2	-6.1645327835E-2	1.6770880393E-10	0.0000000000E+0
1.8200000000E+2	2.3538519808E-14	0.0000000000E+0	-2.0351998974E+4	0.0000000000E+0	2.9622947714E+4	1.8171484479E-3	0.0000000000E+0	2.1449443944E-2	-6.1644259186E-2	1.3400494760E-10	0.0000000000E+0
1.8300000000E+2	2.3538519808E-14	0.0000000000E+0	-2.0555977018E+4	0.0000000000E+0	2.9622949911E+4	1.8732417711E-3	0.0000000000E+0	2.1286506411E-2	-6.1645035629E-2	1.2815954036E-10	0.0000000000E+0
1.8400000000E+2	2.3538519808E-14	0.0000000000E+0	-2.0199651959E+4	0.0000000000E+0	2.9622951070E+4	1.8136083154E-3	0.0000000000E+0	2.1382243729E-2	-6.1646924604E-2	1.9793977951E-10	0.0000000000E+0
1.8500000000E+2	2.3538519808E-14	0.0000000000E+0	-2.0088392445E+4	0.0000000000E+0	2.9622954877E+4	1.8212960383E-3	0.0000000000E+0	2.1396757100E-2	-6.1645898946E-2	1.8024934084E-10	0.0000000000E+0
1.8600000000E+2	2.3538519808E-14	0.0000000000E+0	-1.9958555837E+4	0.0000000000E+0	2.9622954907E+4	1.7936588022E-3	0.0000000000E+0	2.1242931582E-2	-6.1643474286E-2	2.2322676962E-10	0.0000000000E+0
1.8700000000E+2	2.3538519808E-14	0.0000000000E+0	-2.0022825862E+4	0.0000000000E+0	2.9622960194E+4	1.7904486567E-3	0.0000000000E+0	2.1300276082E-2	-6.1640712471E-2	2.1706662958E-10	0.0000000000E+0
1.8800000000E+2	2.3538519808E-14	0.0000000000E+0	-1.9624768871E+4	0.0000000000E+0	2.9622967872E+4	1.7954825179E-3	0.0000000000E+0	2.1240994555E-2	-6.1643224487E-2	1.9129630465E-10	0.0000000000E+0
1.8900000000E+2	2.3538519808E-14	0.0000000000E+0	-1.9811759044E+4	0.0000000000E+0	2.9622972947E+4	1.7874154979E-3	0.0000000000E+0	2.1084421552E-2	-6.1642642186E-2	2.1138710573E-10	0.0000000000E+0
1.9000000000E+2	2.3538519808E-14	0.0000000000E+0	-1.9841139847E+4	0.0000000000E+0	2.9622991214E+4	1.7975448757E-3	0.0000000000E+0	2.1128467369E-2	-6.1645466321E-2	1.5684164526E-10	0.0000000000E+0
1.9100000000E+2	2.3538519808E-14	0.0000000000E+0	-2.0695728114E+4	0.0000000000E+0	2.9623004746E+4	1.8752861752E-3	0.0000000000E+0	2.0892399457E-2	-6.1644670957E-2	7.4016884092E-11	0.0000000000E+0
1.9200000000E+2	2.3538519808E-14	0.0000000000E+0	-2.0097996081E+4	0.0000000000E+0	2.9623011148E+4	1.7845179220E-3	0.0000000000E+0	2.0875503972E-2	-6.1643790092E-2	2.1571027015E-10	0.0000000000E+0
1.9300000000E+2	2.3538519808E-14	0.0000000000E+0	-1.9596809670E+4	0.0000000000E+0	2.9623020217E+4	1.7642281803E-3	0.0000000000E+0	2.0848794467E-2	-6.1644020093E-2	2.1605901067E-10	0.0000000000E+0
1.9400000000E+2	2.3538519808E-14	0.0000000000E+0	-1.9831714929E+4	0.0000000000E+0	2.9623035640E+4	1.7906099885E-3	0.0000000000E+0	2.0809178289E-2	-6.1643709488E-2	1.7649210239E-10	0.0000000000E+0
1.9500000000E+2	2.3538519808E-14	0.0000000000E+0	-2.0476402120E+4	0.0000000000E+0	2.9623049503E+4	1.8502175954E-3	0.0000000000E+0	2.0724132678E-2	-6.1641798058E-2	3.1762666804E-11	0.0000000000E+0
1.9600000000E+2	2.3538519808E-14	0.0000000000E+0	-2.0437482930E+4	0.0000000000E+0	2.9623059112E+4	1.8551731303E-3	0.0000000000E+0	2.0827658513E-2	-6.1641932818E-2	1.2822261349E-10	0.0000000000E+0
1.9700000000E+2	2.3538519808E-14	0.0000000000E+0	-1.9684529086E+4	0.0000000000E+0	2.9623063782E+4	1.7617047127E-3	0.0000000000E+0	2.0799394480E-2	-6.1643533160E-2	2.4045189755E-10	0.0000000000E+0
1.9800000000E+2	2.3538519808E-14	0.0000000000E+0	-1.9808153102E+4	0.0000000000E+0	2.9623077007E+4	1.8025498706E-3	0.0000000000E+0	2.0876930199E-2	-6.1641809769E-2	1.8893422961E-10	0.0000000000E+0
1.9900000000E+2	2.3538519808E-14	0.0000000000E+0	-2.0015607610E+4	0.0000000000E+0	2.9623090532E+4	1.8427233515E-3	0.0000000000E+0	2.0673445193E-2	-6.1640265808E-2	1.3014903646E-10	0.0000000000E+0
2.0000000000E+2	2.3538519808E-14	0.0000000000E+0	-2.0575055202E+4	0.0000000000E+0	2.9623097122E+4	1.8799640506E-3	0.0000000000E+0	2.0651868960E-2	-6.1639896113E-2	6.5762394564E-11	0.0000000000E+0
2.0100000000E+2	2.3538519808E-14	0.0000000000E+0	-2.0425247944E+4	0.0000000000E+0	2.9623101114E+4	1.8478486776E-3	0.0000000000E+0	2.0652199364E-2	-6.1641343371E-2	1.5402391263E-10	0.0000000000E+0
2.0200000000E+2	2.3538519808E-14	0.0000000000E+0	-1.9931292272E+4	0.0000000000E+0	2.9623096577E+4	1.8362183205E-3	0.0000000000E+0	2.0679306920E-2	-6.1642142957E-2	1.8993273489E-10	0.0000000000E+0
2.0300000000E+2	2.3538519808E-14	0.0000000000E+0	-2.0341916956E+4	0.0000000000E+0	2.9623097697E+4	1.9027400184E-3	0.0000000000E+0	2.0603497086E-2	-6.1642762070E-2	1.3861378786E-10	0.0000000000E+0
2.0400000000E+2	2.3538519808E-14	0.0000000000E+0	-2.0350747541E+4	0.0000000000E+0	2.9623095929E+4	1.9040254698E-3	0.0000000000E+0	2.0610567665E-2	-6.1640270653E-2	1.0454424230E-10	0.0000000000E+0
2.0500000000E+2	2.3538519808E-14	0.0000000000E+0	-2.0586520570E+4	0.0000000000E+0	2.9623095999E+4	1.9311752061E-3	0.0000000000E+0	2.0696466929E-2	-6.1640389582E-2	9.1844494376E-11	0.0000000000E+0
2.0600000000E+2	2.3538519808E-14	0.0000000000E+0	-2.0586096153E+4	0.0000000000E+0	2.9623094426E+4	1.9145904129E-3	0.0000000000E+0	2.0737153638E-2	-6.1639368312E-2	1.5444116489E-10	0.0000000000E+0
2.0700000000E+2	2.3538519808E-14	0.0000000000E+0	-2.0503536928E+4	0.0000000000E+0	2.9623090891E+4	1.9416823849E-3	0.0000000000E+0	2.0665502561E-2	-6.1640529925E-2	1.3423951809E-10	0.0000000000E+0
2.0800000000E+2	2.3538519808E-14	0.0000000000E+0	-2.0340569623E+4	0.0000000000E+0	2.9623091023E+4	1.9255376929E-3	0.0000000000E+0	2.0689380595E-2	-6.1639312935E-2	1.0259082555E-10	0.0000000000E+0
2.0900000000E+2	2.3538519808E-14	0.0000000000E+0	-2.0617002440E+4	0.0000000000E+0	2.9623093412E+4	1.9380238905E-3	0.0000000000E+0	2.0697068469E-2	-6.1640987104E-2	7.8356877496E-11	0.0000000000E+0
2.1000000000E+2	2.3538519808E-14	0.0000000000E+0	-2.0537544786E+4	0.0000000000E+0	2.9623090533E+4	1.9358055764E-3	0.0000000000E+0	2.0709453812E-2	-6.1640620359E-2	1.0955239414E-10	0.0000000000E+0
2.1100000000E+2	2.3538519808E-14	0.0000000000E+0	-2.0667969129E+4	0.0000000000E+0	2.9623090152E+4	1.9570397908E-3	0.0000000000E+0	2.0684059588E-2	-6.1641637154E-2	6.8021007792E-11	0.0000000000E+0
2.1200000000E+2	2.3538519808E-14	0.0000000000E+0	-2.0485663877E+4	0.0000000000E+0	2.9623086586E+4	1.9735553313E-3	0.0000000000E+0	2.0788857778E-2	-6.1641478297E-2	7.2287461805E-11	0.0000000000E+0
2.1300000000E+2	2.3538519808E-14	0.0000000000E+0	-2.0481671896E+4	0.0000000000E+0	2.9623086145E+4	1.9714918097E-3	0.0000000000E+0	2.0686221263E-2	-6.1639527181E-2	2.6505995154E-11	0.0000000000E+0
2.1400000000E+2	2.3538519808E-14	0.0000000000E+0	-2.0457439394E+4	0.0000000000E+0	2.9623080337E+4	1.9721456413E-3	0.0000000000E+0	2.0838235563E-2	-6.1640660502E-2	1.6712802554E-11	0.0000000000E+0
2.1500000000E+2	2.3538519808E-14	0.0000000000E+0	-2.0369514521E+4	0.0000000000E+0	2.9623080475E+4	1.9578587993E-3	0.0000000000E+0	2.0720744565E-2	-6.1642361870E-2	7.3559430530E-11	0.0000000000E+0
2.1600000000E+2	2.3538519808E-14	0.0000000000E+0	-2.0416765903E+4	0.0000000000E+0	2.9623085059E+4	1.9725744830E-3	0.0000000000E+0	2.0790724576E-2	-6.1640316569E-2	8.9940194738E-11	0.0000000000E+0
2.1700000000E+2	2.3538519808E-14	0.0000000000E+0	-2.0501283180E+4	0.0000000000E+0	2.9623079735E+4	1.9758577705E-3	0.0000000000E+0	2.0762689018E-2	-6.1639870160E-2	2.6973521749E-11	0.0000000000E+0
2.1800000000E+2	2.3538519808E-14	0.0000000000E+0	-2.0265636346E+4	0.0000000000E+0	2.9623077648E+4	1.9677193819E-3	0.0000000000E+0	2.0683695857E-2	-6.1639147593E-2	9.0539268025E-11	0.0000000000E+0
2.1900000000E+2	2.3538519808E-14	0.0000000000E+0	-1.9838257827E+4	0.0000000000E+0	2.9623074878E+4	1.9317027780E-3	0.0000000000E+0	2.0791248627E-2	-6.1641496404E-2	1.2881668308E-10	0.0000000000E+0
2.2000000000E+2	2.3538519808E-14	0.0000000000E+0	-1.9806927344E+4	0.0000000000E+0	2.9623073101E+4	1.9175462844E-3	0.0000000000E+0	2.0785770785E-2	-6.1640481339E-2	1.6418660648E-10	0.0000000000E+0
2.2100000000E+2	2.3538519808E-14	0.0000000000E+0	-1.9705514465E+4	0.0000000000E+0	2.9623071557E+4	1.9140527403E-3	0.0000000000E+0	2.0759750443E-2	-6.1638483620E-2	1.8311527416E-10	0.0000000000E+0
2.2200000000E+2	2.3538519808E-14	0.0000000000E+0	-1.9833793434E+4	0.0000000000E+0	2.9623074544E+4	1.9216758438E-3	0.0000000000E+0	2.0927504705E-2	-6.1640235100E-2	1.9475138910E-10	0.0000000000E+0
2.2300000000E+2	2.3538519808E-14	0.0000000000E+0	-1.9755386234E+4	0.0000000000E+0	2.9623066413E+4	1.9148601401E-3	0.0000000000E+0	2.0823936017E-2	-6.1639225095E-2	1.6420853650E-10	0.0000000000E+0
2.2400000000E+2	2.3538519808E-14	0.0000000000E+0	-1.9544427089E+4	0.0000000000E+0	2.9623062410E+4	1.8826954537E-3	0.0000000000E+0	2.0817983386E-2	-6.1640823135E-2	2.4255060159E-10	0.0000000000E+0
2.2500000000E+2	2.3538519808E-14	0.0000000000E+0	-2.0105992327E+4	0.0000000000E+0	2.9623071199E+4	1.9573391493E-3	0.0000000000E+0	2.0805818253E-2	-6.1641753985E-2	1.9845412339E-10	0.0000000000E+0
2.2600000000E+2	2.3538519808E-14	0.0000000000E+0	-1.9722826048E+4	0.0000000000E+0	2.9623065313E+4	1.8979494956E-3	0.0000000000E+0	2.0847787120E-2	-6.1642808558E-2	2.0967614122E-10	0.0000000000E+0
2.2700000000E+2	2.3538519808E-14	0.0000000000E+0	-1.9600408188E+4	0.0000000000E+0	2.9623061727E+4	1.8753826553E-3	0.0000000000E+0	2.0811002375E-2	-6.1642336438E-2	2.3014576876E-10	0.0000000000E+0
2.2800000000E+2	2.3538519808E-14	0.0000000000E+0	-1.9593089074E+4	0.0000000000E+0	2.9623060176E+4	1.8798253815E-3	0.0000000000E+0	2.0830654755E-2	-6.1639653002E-2	2.5394915412E-10	0.0000000000E+0
2.2900000000E+2	2.3538519808E-14	0.0000000000E+0	-1.9726599803E+4	0.0000000000E+0	2.9623052116E+4	1.8673388458E-3	0.0000000000E+0	2.0808644015E-2	-6.1639065488E-2	2.4987920974E-10	0.0000000000E+0
2.3000000000E+2	2.3538519808E-14	0.0000000000E+0	-2.0049367698E+4	0.0000000000E+0	2.9623061731E+4	1.9202360469E-3	0.0000000000E+0	2.0847872798E-2	-6.1640664482E-2	2.1786394582E-10	0.0000000000E+0
2.3100000000E+2	2.3538519808E-14	0.0000000000E+0	-1.9449080084E+4	0.0000000000E+0	2.9623053367E+4	1.8938864785E-3	0.0000000000E+0	2.0833295937E-2	-6.1639903501E-2	2.5261209602E-10	0.0000000000E+0
2.3200000000E+2	2.3538519808E-14	0.0000000000E+0	-1.9741198273E+4	0.0000000000E+0	2.9623047944E+4	1.9177237190E-3	0.0000000000E+0	2.0946343600E-2	-6.1639479802E-2	2.0971685795E-10	0.0000000000E+0
2.3300000000E+2	2.3538519808E-14	0.0000000000E+0	-2.0266323170E+4	0.0000000000E+0	2.9623053972E+4	1.9371708260E-3	0.0000000000E+0	2.0963440908E-2	-6.1640399246E-2	1.7947619917E-10	0.0000000000E+0
2.3400000000E+2	2.3538519808E-14	0.0000000000E+0	-2.0107182435E+4	0.0000000000E+0	2.9623056099E+4	1.9070761605E-3	0.0000000000E+0	2.0861851018E-2	-6.1639147644E-2	2.2756528377E-10	0.0000000000E+0
2.3500000000E+2	2.3538519808E-14	0.0000000000E+0	-1.9872978888E+4	0.0000000000E+0	2.9623043093E+4	1.9124854608E-3	0.0000000000E+0	2.0991782964E-2	-6.1638377635E-2	1.9160596740E-10	0.0000000000E+0
2.3600000000E+2	2.3538519808E-14	0.0000000000E+0	-2.0440773622E+4	0.0000000000E+0	2.9623053437E+4	1.9197452559E-3	0.0000000000E+0	2.1010515823E-2	-6.1637494532E-2	1.0009574543E-10	0.0000000000E+0
2.3700000000E+2	2.3538519808E-14	0.0000000000E+0	-2.0095225301E+4	0.0000000000E+0	2.9623047211E+4	1.8866964990E-3	0.0000000000E+0	2.0982762210E-2	-6.1636500181E-2	1.9894439703E-10	0.0000000000E+0
2.3800000000E+2	2.3538519808E-14	0.0000000000E+0	-2.0204637574E+4	0.0000000000E+0	2.9623044827E+4	1.9072265235E-3	0.0000000000E+0	2.0986112111E-2	-6.1635709661E-2	1.6518719262E-10	0.0000000000E+0
2.3900000000E+2	2.3538519808E-14	0.0000000000E+0	-2.0621969390E+4	0.0000000000E+0	2.9623047303E+4	1.9208314929E-3	0.0000000000E+0	2.1013489774E-2	-6.1636275024E-2	1.4883644994E-10	0.0000000000E+0
2.4000000000E+2	2.3538519808E-14	0.0000000000E+0	-2.0322306188E+4	0.0000000000E+0	2.9623038734E+4	1.8933963144E-3	0.0000000000E+0	2.1091098442E-2	-6.1636612231E-2	1.5599200233E-10	0.0000000000E+0
2.4100000000E+2	2.3538519808E-14	0.0000000000E+0	-2.0555828804E+4	0.0000000000E+0	2.9623043151E+4	1.9185990605E-3	0.0000000000E+0	2.1149804268E-2	-6.1637293231E-2	1.2836214523E-11	0.0000000000E+0
2.4200000000E+2	2.3538519808E-14	0.0000000000E+0	-2.0593680744E+4	0.0000000000E+0	2.9623042675E+4	1.8986422193E-3	0.0000000000E+0	2.1174871229E-2	-6.1637378782E-2	1.1303312877E-10	0.0000000000E+0
2.4300000000E+2	2.3538519808E-14	0.0000000000E+0	-2.0667595968E+4	0.0000000000E+0	2.9623037463E+4	1.8987937461E-3	0.0000000000E+0	2.1156676496E-2	-6.1636761398E-2	9.9229872062E-11	0.0000000000E+0
2.4400000000E+2	2.3538519808E-14	0.0000000000E+0	-2.0424963047E+4	0.0000000000E+0	2.9623038084E+4	1.9070264652E-3	0.0000000000E+0	2.1157554652E-2	-6.1636293335E-2	2.9324436532E-11	0.0000000000E+0
2.4500000000E+2	2.3538519808E-14	0.0000000000E+0	-2.0627964739E+4	0.0000000000E+0	2.9623034118E+4	1.9240719043E-3	0.0000000000E+0	2.1122352231E-2	-6.1638580030E-2	3.1607181173E-11	0.0000000000E+0
2.4600000000E+2	2.3538519808E-14	0.0000000000E+0	-2.0439645243E+4	0.0000000000E+0	2.9623025826E+4	1.9193195404E-3	0.0000000000E+0	2.1144929759E-2	-6.1636778514E-2	3.8765191524E-11	0.0000000000E+0
2.4700000000E+2	2.3538519808E-14	0.0000000000E+0	-1.9984010407E+4	0.0000000000E+0	2.9623026146E+4	1.8492333367E-3	0.0000000000E+0	2.1224773140E-2	-6.1639272753E-2	1.2931185527E-10	0.0000000000E+0
2.4800000000E+2	2.3538519808E-14	0.0000000000E+0	-1.9925496982E+4	0.0000000000E+0	2.9623022901E+4	1.8399700733E-3	0.0000000000E+0	2.1134279785E-2	-6.1637944857E-2	1.2167153748E-10	0.0000000000E+0
2.4900000000E+2	2.3538519808E-14	0.0000000000E+0	-1.9671197735E+4	0.0000000000E+0	2.9623017526E+4	1.7929268827E-3	0.0000000000E+0	2.1258925705E-2	-6.1637212270E-2	1.7249958800E-10	0.0000000000E+0
2.5000000000E+2	2.3538519808E-14	0.0000000000E+0	-1.9669211790E+4	0.0000000000E+0	2.9623016075E+4	1.7892376391E-3	0.0000000000E+0	2.1168166084E-2	-6.1636775983E-2	1.9573583495E-10	0.0000000000E+0
2.5100000000E+2	2.3538519808E-14	0.0000000000E+0	-1.9761119638E+4	0.0000000000E+0	2.9623012320E+4	1.8046216195E-3	0.0000000000E+0	2.1174811745E-2	-6.1640076955E-2	2.2407443344E-10	0.0000000000E+0
2.5200000000E+2	2.3538519808E-14	0.0000000000E+0	-1.9763487246E+4	0.0000000000E+0	2.9623009351E+4	1.8628167020E-3	0.0000000000E+0	2.1298366051E-2	-6.1639473394E-2	1.9276068247E-10	0.0000000000E+0
2.5300000000E+2	2.3538519808E-14	0.0000000000E+0	-1.9760853487E+4	0.0000000000E+0	2.9623007188E+4	1.8304815576E-3	0.0000000000E+0	2.1258717918E-2	-6.1639523125E-2	2.3207344523E-10	0.0000000000E+0
2.5400000000E+2	2.3538519808E-14	0.0000000000E+0	-1.9808881574E+4	0.0000000000E+0	2.9623002947E+4	1.8192632692E-3	0.0000000000E+0	2.1279521230E-2	-6.1641091347E-2	2.3655020998E-10	0.0000000000E+0
2.5500000000E+2	2.3538519808E-14	0.0000000000E+0	-1.9842443505E+4	0.0000000000E+0	2.9623001791E+4	1.8353409687E-3	0.0000000000E+0	2.1413880959E-2	-6.1637721825E-2	2.0556897465E-10	0.0000000000E+0
2.5600000000E+2	2.3538519808E-14	0.0000000000E+0	-2.0071515401E+4	0.0000000000E+0	2.9623003813E+4	1.8602600433E-3	0.0000000000E+0	2.1365982958E-2	-6.1637411626E-2	1.8247894267E-10	0.0000000000E+0
2.5700000000E+2	2.3538519808E-14	0.0000000000E+0	-1.9859523092E+4	0.0000000000E+0	2.9622992586E+4	1.8244231385E-3	0.0000000000E+0	2.1338458786E-2	-6.1638912201E-2	2.1786364201E-10	0.0000000000E+0
2.5800000000E+2	2.3538519808E-14	0.0000000000E+0	-2.0330205568E+4	0.0000000000E+0	2.9622996873E+4	1.9152870099E-3	0.0000000000E+0	2.1501510735E-2	-6.1637916451E-2	6.5101915488E-11	0.0000000000E+0
2.5900000000E+2	2.3538519808E-14	0.0000000000E+0	-2.0283926564E+4	0.0000000000E+0	2.9622995098E+4	1.8497079713E-3	0.0000000000E+0	2.1444314105E-2	-6.1637661349E-2	1.5181958079E-10	0.0000000000E+0
2.6000000000E+2	2.3538519808E-14	0.0000000000E+0	-2.0353857529E+4	0.0000000000E+0	2.9622996441E+4	1.8265556943E-3	0.0000000000E+0	2.1460836919E-2	-6.1638371035E-2	1.3333130059E-10	0.0000000000E+0
2.6100000000E+2	2.3538519808E-14	0.0000000000E+0	-2.0349273052E+4	0.0000000000E+0	2.9622991077E+4	1.8167886640E-3	0.0000000000E+0	2.1497566757E-2	-6.1638427289E-2	1.3061242065E-10	0.0000000000E+0
2.6200000000E+2	2.3538519808E-14	0.0000000000E+0	-2.0525340392E+4	0.0000000000E+0	2.9622996211E+4	1.8326449226E-3	0.0000000000E+0	2.1481685727E-2	-6.1638263868E-2	7.4426060492E-11	0.0000000000E+0
2.6300000000E+2	2.3538519808E-14	0.0000000000E+0	-2.0389270010E+4	0.0000000000E+0	2.9622999112E+4	1.8333361354E-3	0.0000000000E+0	2.1515548719E-2	-6.1639194196E-2	1.3178132497E-10	0.0000000000E+0
2.6400000000E+2	2.3538519808E-14	0.0000000000E+0	-2.0338441308E+4	0.0000000000E+0	2.9622996960E+4	1.8283205468E-3	0.0000000000E+0	2.1463719203E-2	-6.1639536870E-2	1.2658830971E-10	0.0000000000E+0
2.6500000000E+2	2.3538519808E-14	0.0000000000E+0	-2.0341638246E+4	0.0000000000E+0	2.9622996735E+4	1.8373136330E-3	0.0000000000E+0	2.1456129926E-2	-6.1638168360E-2	1.5340240492E-10	0.0000000000E+0
2.6600000000E+2	2.3538519808E-14	0.0000000000E+0	-2.0339720936E+4	0.0000000000E+0	2.9622995853E+4	1.8268908123E-3	0.0000000000E+0	2.1479716988E-2	-6.1637653669E-2	1.4774400325E-10	0.0000000000E+0
2.6700000000E+2	2.3538519808E-14	0.0000000000E+0	-2.0322509309E+4	0.0000000000E+0	2.9622997229E+4	1.8441792377E-3	0.0000000000E+0	2.1425456683E-2	-6.1639082375E-2	1.0356974539E-10	0.0000000000E+0
2.6800000000E+2	2.3538519808E-14	0.0000000000E+0	-2.0243376610E+4	0.0000000000E+0	2.9622995318E+4	1.8580804639E-3	0.0000000000E+0	2.1531061999E-2	-6.1639187546E-2	1.1765892413E-10	0.0000000000E+0
2.6900000000E+2	2.3538519808E-14	0.0000000000E+0	-2.0382300232E+4	0.0000000000E+0	2.9622998477E+4	1.8216023776E-3	0.0000000000E+0	2.1519744860E-2	-6.1636405945E-2	1.3398388091E-10	0.0000000000E+0
2.7000000000E+2	2.3538519808E-14	0.0000000000E+0	-2.0346229393E+4	0.0000000000E+0	2.9622996310E+4	1.7888485771E-3	0.0000000000E+0	2.1388626582E-2	-6.1637677104E-2	1.6199600857E-10	0.0000000000E+0
2.7100000000E+2	2.3538519808E-14	0.0000000000E+0	-2.0369304120E+4	0.0000000000E+0	2.9622998614E+4	1.7698473055E-3	0.0000000000E+0	2.1505875931E-2	-6.1637158229E-2	1.3739017246E-10	0.0000000000E+0
2.7200000000E+2	2.3538519808E-14	0.0000000000E+0	-2.0215476369E+4	0.0000000000E+0	2.9623000963E+4	1.7500353858E-3	0.0000000000E+0	2.1466391792E-2	-6.1636671460E-2	1.6083221092E-10	0.0000000000E+0
2.7300000000E+2	2.3538519808E-14	0.0000000000E+0	-2.0141846696E+4	0.0000000000E+0	2.9623004886E+4	1.7466056853E-3	0.0000000000E+0	2.1540044568E-2	-6.1636520742E-2	1.9209266503E-10	0.0000000000E+0
2.7400000000E+2	2.3538519808E-14	0.0000000000E+0	-2.0038515370E+4	0.0000000000E+0	2.9623002040E+4	1.7963451658E-3	0.0000000000E+0	2.1430526581E-2	-6.1637361488E-2	1.6507324054E-10	0.0000000000E+0
2.7500000000E+2	2.3538519808E-14	0.0000000000E+0	-1.9958427387E+4	0.0000000000E+0	2.9623008895E+4	1.7989937797E-3	0.0000000000E+0	2.1509405301E-2	-6.1637764511E-2	2.0045881119E-10	0.0000000000E+0
2.7600000000E+2	2.3538519808E-14	0.0000000000E+0	-1.9692768824E+4	0.0000000000E+0	2.9623008067E+4	1.7601189813E-3	0.0000000000E+0	2.1410514882E-2	-6.1638559176E-2	2.4118958261E-10	0.0000000000E+0
2.7700000000E+2	2.3538519808E-14	0.0000000000E+0	-1.9534238521E+4	0.0000000000E+0	2.9623015274E+4	1.7285393984E-3	0.0000000000E+0	2.1527130941E-2	-6.1636904106E-2	2.3218447079E-10	0.0000000000E+0
2.7800000000E+2	2.3538519808E-14	0.0000000000E+0	-1.9542425731E+4	0.0000000000E+0	2.9623017665E+4	1.7473077393E-3	0.0000000000E+0	2.1573923594E-2	-6.1636993904E-2	2.2198164134E-10	0.0000000000E+0
2.7900000000E+2	2.3538519808E-14	0.0000000000E+0	-1.9737938886E+4	0.0000000000E+0	2.9623021310E+4	1.7561023442E-3	0.0000000000E+0	2.1627182159E-2	-6.1634740448E-2	1.8724091879E-10	0.0000000000E+0
2.8000000000E+2	2.3538519808E-14	0.0000000000E+0	-1.9796491051E+4	0.0000000000E+0	2.9623029104E+4	1.7706327778E-3	0.0000000000E+0	2.1574529508E-2	-6.1634326871E-2	1.8722786187E-10	0.0000000000E+0
2.8100000000E+2	2.3538519808E-14	0.0000000000E+0	-2.0173844477E+4	0.0000000000E+0	2.9623038342E+4	1.8375542941E-3	0.0000000000E+0	2.1559853338E-2	-6.1635933228E-2	1.0058541805E-10	0.0000000000E+0
2.8200000000E+2	2.3538519808E-14	0.0000000000E+0	-2.0455582265E+4	0.0000000000E+0	2.9623044837E+4	1.8896308925E-3	0.0000000000E+0	2.1649056371E-2	-6.1636540934E-2	3.6058653985E-11	0.0000000000E+0
2.8300000000E+2	2.3538519808E-14	0.0000000000E+0	-2.0363482143E+4	0.0000000000E+0	2.9623047597E+4	1.8696310053E-3	0.0000000000E+0	2.1603637505E-2	-6.1637532043E-2	1.3234084398E-10	0.0000000000E+0
2.8400000000E+2	2.3538519808E-14	0.0000000000E+0	-2.0416610116E+4	0.0000000000E+0	2.9623052056E+4	1.8633400532E-3	0.0000000000E+0	2.1473644358E-2	-6.1637978185E-2	1.0619718890E-10	0.0000000000E+0
2.8500000000E+2	2.3538519808E-14	0.0000000000E+0	-2.0133020666E+4	0.0000000000E+0	2.9623059827E+4	1.8445419432E-3	0.0000000000E+0	2.1591824379E-2	-6.1638963928E-2	1.4616257833E-10	0.0000000000E+0
2.8600000000E+2	2.3538519808E-14	0.0000000000E+0	-1.9935818455E+4	0.0000000000E+0	2.9623062517E+4	1.8030854962E-3	0.0000000000E+0	2.1529807930E-2	-6.1638553861E-2	2.0256869370E-10	0.0000000000E+0
2.8700000000E+2	2.3538519808E-14	0.0000000000E+0	-1.9801437214E+4	0.0000000000E+0	2.9623073875E+4	1.8146950123E-3	0.0000000000E+0	2.1472974421E-2	-6.1636864916E-2	1.9001908197E-10	0.0000000000E+0
2.8800000000E+2	2.3538519808E-14	0.0000000000E+0	-1.9911109873E+4	0.0000000000E+0	2.9623082644E+4	1.7948071044E-3	0.0000000000E+0	2.1491601448E-2	-6.1636601957E-2	1.5943687014E-10	0.0000000000E+0
2.8900000000E+2	2.3538519808E-14	0.0000000000E+0	-2.0439180794E+4	0.0000000000E+0	2.9623090887E+4	1.8312507239E-3	0.0000000000E+0	2.1461366018E-2	-6.1636819216E-2	4.6081994773E-11	0.0000000000E+0
2.9000000000E+2	2.3538519808E-14	0.0000000000E+0	-2.0504673603E+4	0.0000000000E+0	2.9623100305E+4	1.8239231869E-3	0.0000000000E+0	2.1404160538E-2	-6.1635061963E-2	6.4294803274E-11	0.0000000000E+0
2.9100000000E+2	2.3538519808E-14	0.0000000000E+0	-2.0373394022E+4	0.0000000000E+0	2.9623108660E+4	1.8045186099E-3	0.0000000000E+0	2.1440365168E-2	-6.1637557462E-2	1.8188994702E-10	0.0000000000E+0
2.9200000000E+2	2.3538519808E-14	0.0000000000E+0	-1.9862275816E+4	0.0000000000E+0	2.9623113937E+4	1.7898576626E-3	0.0000000000E+0	2.1317715263E-2	-6.1637612127E-2	1.8415679024E-10	0.0000000000E+0
2.9300000000E+2	2.3538519808E-14	0.0000000000E+0	-1.9601847220E+4	0.0000000000E+0	2.9623122738E+4	1.7290830899E-3	0.0000000000E+0	2.1327832845E-2	-6.1637486216E-2	2.2339617415E-10	0.0000000000E+0
2.9400000000E+2	2.3538519808E-14	0.0000000000E+0	-1.9882922533E+4	0.0000000000E+0	2.9623132605E+4	1.7963230936E-3	0.0000000000E+0	2.1361520398E-2	-6.1637917315E-2	1.7092982275E-10	0.0000000000E+0
2.9500000000E+2	2.3538519808E-14	0.0000000000E+0	-2.0381039280E+4	0.0000000000E+0	2.9623142649E+4	1.8480262917E-3	0.0000000000E+0	2.1326264598E-2	-6.1637582385E-2	5.6020362240E-11	0.0000000000E+0
2.9600000000E+2	2.3538519808E-14	0.0000000000E+0	-2.0621235350E+4	0.0000000000E+0	2.9623150179E+4	1.8402150588E-3	0.0000000000E+0	2.1366260681E-2	-6.1638626328E-2	5.3740027096E-11	0.0000000000E+0
2.9700000000E+2	2.3538519808E-14	0.0000000000E+0	-2.0187099599E+4	0.0000000000E+0	2.9623152505E+4	1.7885533116E-3	0.0000000000E+0	2.1372301903E-2	-6.1638116468E-2	1.4850016456E-10	0.0000000000E+0
2.9800000000E+2	2.3538519808E-14	0.0000000000E+0	-1.9889865620E+4	0.0000000000E+0	2.9623143611E+4	1.7440074897E-3	0.0000000000E+0	2.1317558161E-2	-6.1637929141E-2	2.0603929512E-10	0.0000000000E+0
2.9900000000E+2	2.3538519808E-14	0.0000000000E+0	-2.0436471882E+4	0.0000000000E+0	2.9623140413E+4	1.8228759841E-3	0.0000000000E+0	2.1335333773E-2	-6.1637769953E-2	9.8689134020E-11	0.0000000000E+0
3.0000000000E+2	2.3538519808E-14	0.0000000000E+0	-2.0569411668E+4	0.0000000000E+0	2.9623138340E+4	1.8413259787E-3	0.0000000000E+0	2.1344350815E-2	-6.1637281799E-2	6.6879459291E-11	0.0000000000E+0
3.0100000000E+2	2.3538519808E-14	0.0000000000E+0	-2.0545430999E+4	0.0000000000E+0	2.9623132128E+4	1.8360243307E-3	0.0000000000E+0	2.1396845805E-2	-6.1636813304E-2	2.8664667272E-11	0.0000000000E+0
3.0200000000E+2	2.3538519808E-14	0.0000000000E+0	-2.0244383413E+4	0.0000000000E+0	2.9623122679E+4	1.8333404467E-3	0.0000000000E+0	2.1401351166E-2	-6.1635759964E-2	5.8740043659E-11	0.0000000000E+0
3.0300000000E+2	2.3538519808E-14	0.0000000000E+0	-1.9827077557E+4	0.0000000000E+0	2.9623110482E+4	1.7877906355E-3	0.0000000000E+0	2.1383921789E-2	-6.1639037743E-2	1.6631433905E-10	0.0000000000E+0
3.0400000000E+2	2.3538519808E-14	0.0000000000E+0	-1.9697584214E+4	0.0000000000E+0	2.9623095486E+4	1.7580135906E-3	0.0000000000E+0	2.1348717219E-2	-6.1639074313E-2	2.3786711654E-10	0.0000000000E+0
3.0500000000E+2	2.3538519808E-14	0.0000000000E+0	-2.0394070445E+4	0.0000000000E+0	2.9623096839E+4	1.8149955843E-3	0.0000000000E+0	2.1544426943E-2	-6.1637681135E-2	1.2439764985E-10	0.0000000000E+0
3.0600000000E+2	2.3538519808E-14	0.0000000000E+0	-2.0769309288E+4	0.0000000000E+0	2.9623085862E+4	1.7062728441E-3	0.0000000000E+0	2.1387320112E-2	-6.1635813370E-2	1.6565284700E-10	0.0000000000E+0
3.0700000000E+2	2.3538519808E-14	0.0000000000E+0	-2.0512949856E+4	0.0000000000E+0	2.9623082564E+4	1.8562356179E-3	0.0000000000E+0	2.1414712919E-2	-6.1636828232E-2	3.7613232126E-11	0.0000000000E+0
3.0800000000E+2	2.3538519808E-14	0.0000000000E+0	-2.0086877302E+4	0.0000000000E+0	2.9623077059E+4	1.7929235342E-3	0.0000000000E+0	2.1596711222E-2	-6.1638653158E-2	5.2924725944E-11	0.0000000000E+0
3.0900000000E+2	2.3538519808E-14	0.0000000000E+0	-2.0112987026E+4	0.0000000000E+0	2.9623067753E+4	1.7741497314E-3	0.0000000000E+0	2.1496055628E-2	-6.1639702517E-2	1.2805843574E-10	0.0000000000E+0
3.1000000000E+2	2.3538519808E-14	0.0000000000E+0	-1.9614357204E+4	0.0000000000E+0	2.9623054322E+4	1.6973158723E-3	0.0000000000E+0	2.1598368683E-2	-6.1637385470E-2	2.1332267175E-10	0.0000000000E+0
3.1100000000E+2	2.3538519808E-14	0.0000000000E+0	-1.9816228087E+4	0.0000000000E+0	2.9623051180E+4	1.7262182379E-3	0.0000000000E+0	2.1629460093E-2	-6.1638737475E-2	2.1938643940E-10	0.0000000000E+0
3.1200000000E+2	2.3538519808E-14	0.0000000000E+0	-2.0318837961E+4	0.0000000000E+0	2.9623050855E+4	1.8075914588E-3	0.0000000000E+0	2.1568298658E-2	-6.1640579592E-2	1.4383922536E-10	0.0000000000E+0
3.1300000000E+2	2.3538519808E-14	0.0000000000E+0	-2.0125153066E+4	0.0000000000E+0	2.9623043653E+4	1.7556899661E-3	0.0000000000E+0	2.1700400403E-2	-6.1638156878E-2	1.9554404627E-10	0.0000000000E+0
3.1400000000E+2	2.3538519808E-14	0.0000000000E+0	-2.0426973147E+4	0.0000000000E+0	2.9623043353E+4	1.8304879064E-3	0.0000000000E+0	2.1507504603E-2	-6.1638925031E-2	1.0054981147E-10	0.0000000000E+0
3.1500000000E+2	2.3538519808E-14	0.0000000000E+0	-2.0354137883E+4	0.0000000000E+0	2.9623034972E+4	1.7940724147E-3	0.0000000000E+0	2.1556042837E-2	-6.1638197174E-2	9.9006665793E-11	0.0000000000E+0
3.1600000000E+2	2.3538519808E-14	0.0000000000E+0	-2.0320360307E+4	0.0000000000E+0	2.9623032570E+4	1.7467417555E-3	0.0000000000E+0	2.1535403557E-2	-6.1637255720E-2	2.9501053298E-11	0.0000000000E+0
3.1700000000E+2	2.3538519808E-14	0.0000000000E+0	-2.0294764922E+4	0.0000000000E+0	2.9623031032E+4	1.7426394438E-3	0.0000000000E+0	2.1638200938E-2	-6.1636440290E-2	4.2014445627E-11	0.0000000000E+0
3.1800000000E+2	2.3538519808E-14	0.0000000000E+0	-2.0193129033E+4	0.0000000000E+0	2.9623028150E+4	1.7486656611E-3	0.0000000000E+0	2.1569261411E-2	-6.1637635854E-2	6.3314376963E-11	0.0000000000E+0
3.1900000000E+2	2.3538519808E-14	0.0000000000E+0	-2.0182245601E+4	0.0000000000E+0	2.9623022129E+4	1.7572646391E-3	0.0000000000E+0	2.1656115392E-2	-6.1637648455E-2	1.0217618657E-10	0.0000000000E+0
3.2000000000E+2	2.3538519808E-14	0.0000000000E+0	-1.9819867504E+4	0.0000000000E+0	2.9623020162E+4	1.7199340068E-3	0.0000000000E+0	2.1614073372E-2	-6.1637865168E-2	1.6809230275E-10	0.0000000000E+0
3.2100000000E+2	2.3538519808E-14	0.0000000000E+0	-1.9663457363E+4	0.0000000000E+0	2.9623016472E+4	1.7271111244E-3	0.0000000000E+0	2.1607797279E-2	-6.1638882268E-2	1.8360027517E-10	0.0000000000E+0
3.2200000000E+2	2.3538519808E-14	0.0000000000E+0	-1.9876692100E+4	0.0000000000E+0	2.9623017893E+4	1.7721284488E-3	0.0000000000E+0	2.1523279050E-2	-6.1639917183E-2	1.8286739509E-10	0.0000000000E+0
3.2300000000E+2	2.3538519808E-14	0.0000000000E+0	-1.9604796880E+4	0.0000000000E+0	2.9623013774E+4	1.7606761593E-3	0.0000000000E+0	2.1430315107E-2	-6.1639645526E-2	2.0672525848E-10	0.0000000000E+0
3.2400000000E+2	2.3538519808E-14	0.0000000000E+0	-1.9554539735E+4	0.0000000000E+0	2.9623015806E+4	1.7711207331E-3	0.0000000000E+0	2.1614177958E-2	-6.1640391401E-2	2.3251554188E-10	0.0000000000E+0
3.2500000000E+2	2.3538519808E-14	0.0000000000E+0	-1.9623307871E+4	0.0000000000E+0	2.9623012956E+4	1.7483548218E-3	0.0000000000E+0	2.1605356267E-2	-6.1640193672E-2	2.2672337050E-10	0.0000000000E+0
3.2600000000E+2	2.3538519808E-14	0.0000000000E+0	-1.9511572573E+4	0.0000000000E+0	2.9623010136E+4	1.7380658080E-3	0.0000000000E+0	2.1531468658E-2	-6.1640376587E-2	2.4771447860E-10	0.0000000000E+0
3.2700000000E+2	2.3538519808E-14	0.0000000000E+0	-1.9819034931E+4	0.0000000000E+0	2.9623018765E+4	1.8053525348E-3	0.0000000000E+0	2.1502353745E-2	-6.1640983009E-2	1.8069581975E-10	0.0000000000E+0
3.2800000000E+2	2.3538519808E-14	0.0000000000E+0	-1.9671759444E+4	0.0000000000E+0	2.9623019719E+4	1.7809812022E-3	0.0000000000E+0	2.1461283696E-2	-6.1637280769E-2	1.7497751399E-10	0.0000000000E+0
3.2900000000E+2	2.3538519808E-14	0.0000000000E+0	-1.9765709181E+4	0.0000000000E+0	2.9623017813E+4	1.7265504133E-3	0.0000000000E+0	2.1404220428E-2	-6.1639041506E-2	1.8273347688E-10	0.0000000000E+0
3.3000000000E+2	2.3538519808E-14	0.0000000000E+0	-1.9710743132E+4	0.0000000000E+0	2.9623015230E+4	1.6676140847E-3	0.0000000000E+0	2.1401521670E-2	-6.1641280429E-2	2.0335310740E-10	0.0000000000E+0
3.3100000000E+2	2.3538519808E-14	0.0000000000E+0	-1.9468374091E+4	0.0000000000E+0	2.9623021230E+4	1.6312294321E-3	0.0000000000E+0	2.1438911845E-2	-6.1637867762E-2	2.0591640373E-10	0.0000000000E+0
3.3200000000E+2	2.3538519808E-14	0.0000000000E+0	-1.9627588360E+4	0.0000000000E+0	2.9623024262E+4	1.6699744205E-3	0.0000000000E+0	2.1429007161E-2	-6.1638995196E-2	1.6569830074E-10	0.0000000000E+0
3.3300000000E+2	2.3538519808E-14	0.0000000000E+0	-1.9847070084E+4	0.0000000000E+0	2.9623033698E+4	1.6899764136E-3	0.0000000000E+0	2.1408553416E-2	-6.1641460559E-2	1.4826508299E-10	0.0000000000E+0
3.3400000000E+2	2.3538519808E-14	0.0000000000E+0	-2.0313661327E+4	0.0000000000E+0	2.9623038272E+4	1.7459524078E-3	0.0000000000E+0	2.1311571706E-2	-6.1639524841E-2	3.6233026460E-11	0.0000000000E+0
3.3500000000E+2	2.3538519808E-14	0.0000000000E+0	-2.0607747588E+4	0.0000000000E+0	2.9623040141E+4	1.7708202511E-3	0.0000000000E+0	2.1289633179E-2	-6.1637464066E-2	5.4177088626E-11	0.0000000000E+0
3.3600000000E+2	2.3538519808E-14	0.0000000000E+0	-2.0459058044E+4	0.0000000000E+0	2.9623040443E+4	1.7892673590E-3	0.0000000000E+0	2.1319795341E-2	-6.1640047900E-2	5.1275827241E-11	0.0000000000E+0
3.3700000000E+2	2.3538519808E-14	0.0000000000E+0	-2.0504188419E+4	0.0000000000E+0	2.9623047329E+4	1.7927513511E-3	0.0000000000E+0	2.1396553713E-2	-6.1637368889E-2	6.6036015771E-11	0.0000000000E+0
