2.1354528910E-2	0.0000000000E+0	2.9623158337E+4	0.0000000000E+0	0.0000000000E+0
2.1209434433E-2	0.0000000000E+0	2.9623154709E+4	1.0000000000E+0	0.0000000000E+0
2.1244327812E-2	0.0000000000E+0	2.9623154557E+4	2.0000000000E+0	0.0000000000E+0
2.1177278926E-2	0.0000000000E+0	2.9623152447E+4	3.0000000000E+0	0.0000000000E+0
2.1344076157E-2	0.0000000000E+0	2.9623152748E+4	4.0000000000E+0	0.0000000000E+0
2.1385869713E-2	0.0000000000E+0	2.9623157548E+4	5.0000000000E+0	0.0000000000E+0
2.1358295441E-2	0.0000000000E+0	2.9623146682E+4	6.0000000000E+0	0.0000000000E+0
2.1202941093E-2	0.0000000000E+0	2.9623156503E+4	7.0000000000E+0	0.0000000000E+0
2.1148736038E-2	0.0000000000E+0	2.9623156494E+4	8.0000000000E+0	0.0000000000E+0
2.1272886264E-2	0.0000000000E+0	2.9623162280E+4	9.0000000000E+0	0.0000000000E+0
2.1270550715E-2	0.0000000000E+0	2.9623157577E+4	1.0000000000E+1	0.0000000000E+0
2.1274863510E-2	0.0000000000E+0	2.9623149144E+4	1.1000000000E+1	0.0000000000E+0
2.1272347285E-2	0.0000000000E+0	2.9623160802E+4	1.2000000000E+1	0.0000000000E+0
2.1264481557E-2	0.0000000000E+0	2.9623150541E+4	1.3000000000E+1	0.0000000000E+0
2.1217947528E-2	0.0000000000E+0	2.9623155374E+4	1.4000000000E+1	0.0000000000E+0
2.1249961179E-2	0.0000000000E+0	2.9623156480E+4	1.5000000000E+1	0.0000000000E+0
2.1242367299E-2	0.0000000000E+0	2.9623153820E+4	1.6000000000E+1	0.0000000000E+0
2.1206684443E-2	0.0000000000E+0	2.9623147619E+4	1.7000000000E+1	0.0000000000E+0
2.1347242088E-2	0.0000000000E+0	2.9623159870E+4	1.8000000000E+1	0.0000000000E+0
2.1248273315E-2	0.0000000000E+0	2.9623152588E+4	1.9000000000E+1	0.0000000000E+0
2.1256032054E-2	0.0000000000E+0	2.9623157839E+4	2.0000000000E+1	0.0000000000E+0
2.1287305806E-2	0.0000000000E+0	2.9623150335E+4	2.1000000000E+1	0.0000000000E+0
2.1283235054E-2	0.0000000000E+0	2.9623155235E+4	2.2000000000E+1	0.0000000000E+0
2.1205325267E-2	0.0000000000E+0	2.9623152513E+4	2.3000000000E+1	0.0000000000E+0
2.1159985402E-2	0.0000000000E+0	2.9623152520E+4	2.4000000000E+1	0.0000000000E+0
2.1229471105E-2	0.0000000000E+0	2.9623157722E+4	2.5000000000E+1	0.0000000000E+0
2.1173128878E-2	0.0000000000E+0	2.9623155456E+4	2.6000000000E+1	0.0000000000E+0
2.1270412763E-2	0.0000000000E+0	2.9623155186E+4	2.7000000000E+1	0.0000000000E+0
2.1214737701E-2	0.0000000000E+0	2.9623153440E+4	2.8000000000E+1	0.0000000000E+0
2.1195229696E-2	0.0000000000E+0	2.9623155682E+4	2.9000000000E+1	0.0000000000E+0
2.1192549820E-2	0.0000000000E+0	2.9623154489E+4	3.0000000000E+1	0.0000000000E+0
2.1220134608E-2	0.0000000000E+0	2.9623156655E+4	3.1000000000E+1	0.0000000000E+0
2.1300980377E-2	0.0000000000E+0	2.9623151808E+4	3.2000000000E+1	0.0000000000E+0
2.1293744863E-2	0.0000000000E+0	2.9623151348E+4	3.3000000000E+1	0.0000000000E+0
2.1312595698E-2	0.0000000000E+0	2.9623158929E+4	3.4000000000E+1	0.0000000000E+0
2.1218599510E-2	0.0000000000E+0	2.9623154373E+4	3.5000000000E+1	0.0000000000E+0
2.1161370710E-2	0.0000000000E+0	2.9623154566E+4	3.6000000000E+1	0.0000000000E+0
2.1196182276E-2	0.0000000000E+0	2.9623149239E+4	3.7000000000E+1	0.0000000000E+0
2.1204586411E-2	0.0000000000E+0	2.9623154269E+4	3.8000000000E+1	0.0000000000E+0
2.1233172531E-2	0.0000000000E+0	2.9623157956E+4	3.9000000000E+1	0.0000000000E+0
2.1218698705E-2	0.0000000000E+0	2.9623153107E+4	4.0000000000E+1	0.0000000000E+0
2.1230715001E-2	0.0000000000E+0	2.9623153981E+4	4.1000000000E+1	0.0000000000E+0
2.1273758163E-2	0.0000000000E+0	2.9623158005E+4	4.2000000000E+1	0.0000000000E+0
2.1289131635E-2	0.0000000000E+0	2.9623151849E+4	4.3000000000E+1	0.0000000000E+0
2.1416864319E-2	0.0000000000E+0	2.9623153289E+4	4.4000000000E+1	0.0000000000E+0
2.1343273392E-2	0.0000000000E+0	2.9623156517E+4	4.5000000000E+1	0.0000000000E+0
2.1331396345E-2	0.0000000000E+0	2.9623157730E+4	4.6000000000E+1	0.0000000000E+0
2.1313590368E-2	0.0000000000E+0	2.9623156100E+4	4.7000000000E+1	0.0000000000E+0
2.1297495753E-2	0.0000000000E+0	2.9623157098E+4	4.8000000000E+1	0.0000000000E+0
2.1337629306E-2	0.0000000000E+0	2.9623153887E+4	4.9000000000E+1	0.0000000000E+0
2.1358183861E-2	0.0000000000E+0	2.9623149775E+4	5.0000000000E+1	0.0000000000E+0
2.1300994924E-2	0.0000000000E+0	2.9623161107E+4	5.1000000000E+1	0.0000000000E+0
2.1281114858E-2	0.0000000000E+0	2.9623153866E+4	5.2000000000E+1	0.0000000000E+0
2.1335640030E-2	0.0000000000E+0	2.9623154473E+4	5.3000000000E+1	0.0000000000E+0
2.1276291173E-2	0.0000000000E+0	2.9623155375E+4	5.4000000000E+1	0.0000000000E+0
2.1292753143E-2	0.0000000000E+0	2.9623153041E+4	5.5000000000E+1	0.0000000000E+0
2.1394509252E-2	0.0000000000E+0	2.9623156931E+4	5.6000000000E+1	0.0000000000E+0
2.1440935465E-2	0.0000000000E+0	2.9623156501E+4	5.7000000000E+1	0.0000000000E+0
2.1370708288E-2	0.0000000000E+0	2.9623157335E+4	5.8000000000E+1	0.0000000000E+0
2.1329201355E-2	0.0000000000E+0	2.9623155133E+4	5.9000000000E+1	0.0000000000E+0
2.1257043508E-2	0.0000000000E+0	2.9623158445E+4	6.0000000000E+1	0.0000000000E+0
2.1266891658E-2	0.0000000000E+0	2.9623150853E+4	6.1000000000E+1	0.0000000000E+0
2.1345155334E-2	0.0000000000E+0	2.9623154325E+4	6.2000000000E+1	0.0000000000E+0
2.1360667229E-2	0.0000000000E+0	2.9623155439E+4	6.3000000000E+1	0.0000000000E+0
2.1307888451E-2	0.0000000000E+0	2.9623157516E+4	6.4000000000E+1	0.0000000000E+0
2.1259715907E-2	0.0000000000E+0	2.9623149534E+4	6.5000000000E+1	0.0000000000E+0
2.1176617355E-2	0.0000000000E+0	2.9623157901E+4	6.6000000000E+1	0.0000000000E+0
2.1147441737E-2	0.0000000000E+0	2.9623152645E+4	6.7000000000E+1	0.0000000000E+0
2.1308289350E-2	0.0000000000E+0	2.9623159562E+4	6.8000000000E+1	0.0000000000E+0
2.1317920100E-2	0.0000000000E+0	2.9623154715E+4	6.9000000000E+1	0.0000000000E+0
2.1313682175E-2	0.0000000000E+0	2.9623157556E+4	7.0000000000E+1	0.0000000000E+0
2.1179050929E-2	0.0000000000E+0	2.9623155259E+4	7.1000000000E+1	0.0000000000E+0
2.1270143013E-2	0.0000000000E+0	2.9623155306E+4	7.2000000000E+1	0.0000000000E+0
2.1310566839E-2	0.0000000000E+0	2.9623155182E+4	7.3000000000E+1	0.0000000000E+0
2.1341900711E-2	0.0000000000E+0	2.9623154705E+4	7.4000000000E+1	0.0000000000E+0
2.1366640167E-2	0.0000000000E+0	2.9623157579E+4	7.5000000000E+1	0.0000000000E+0
2.1333279432E-2	0.0000000000E+0	2.9623155517E+4	7.6000000000E+1	0.0000000000E+0
2.1289933790E-2	0.0000000000E+0	2.9623151569E+4	7.7000000000E+1	0.0000000000E+0
2.1270581983E-2	0.0000000000E+0	2.9623158836E+4	7.8000000000E+1	0.0000000000E+0
2.1357052460E-2	0.0000000000E+0	2.9623156844E+4	7.9000000000E+1	0.0000000000E+0
2.1289649607E-2	0.0000000000E+0	2.9623154535E+4	8.0000000000E+1	0.0000000000E+0
2.1284834162E-2	0.0000000000E+0	2.9623154674E+4	8.1000000000E+1	0.0000000000E+0
2.1305474396E-2	0.0000000000E+0	2.9623152262E+4	8.2000000000E+1	0.0000000000E+0
2.1380939878E-2	0.0000000000E+0	2.9623158255E+4	8.3000000000E+1	0.0000000000E+0
2.1275897865E-2	0.0000000000E+0	2.9623152063E+4	8.4000000000E+1	0.0000000000E+0
2.1244413211E-2	0.0000000000E+0	2.9623159512E+4	8.5000000000E+1	0.0000000000E+0
2.1310272077E-2	0.0000000000E+0	2.9623157686E+4	8.6000000000E+1	0.0000000000E+0
2.1266234843E-2	0.0000000000E+0	2.9623159294E+4	8.7000000000E+1	0.0000000000E+0
2.1351802635E-2	0.0000000000E+0	2.9623150499E+4	8.8000000000E+1	0.0000000000E+0
2.1349572525E-2	0.0000000000E+0	2.9623154372E+4	8.9000000000E+1	0.0000000000E+0
2.1353201141E-2	0.0000000000E+0	2.9623154362E+4	9.0000000000E+1	0.0000000000E+0
2.1284962489E-2	0.0000000000E+0	2.9623159449E+4	9.1000000000E+1	0.0000000000E+0
2.1346770121E-2	0.0000000000E+0	2.9623154344E+4	9.2000000000E+1	0.0000000000E+0
2.1383448232E-2	0.0000000000E+0	2.9623154551E+4	9.3000000000E+1	0.0000000000E+0
2.1284721718E-2	0.0000000000E+0	2.9623157443E+4	9.4000000000E+1	0.0000000000E+0
2.1397198728E-2	0.0000000000E+0	2.9623150766E+4	9.5000000000E+1	0.0000000000E+0
2.1334554990E-2	0.0000000000E+0	2.9623161112E+4	9.6000000000E+1	0.0000000000E+0
2.1338126589E-2	0.0000000000E+0	2.9623152800E+4	9.7000000000E+1	0.0000000000E+0
2.1311596336E-2	0.0000000000E+0	2.9623156387E+4	9.8000000000E+1	0.0000000000E+0
2.1401294352E-2	0.0000000000E+0	2.9623153168E+4	9.9000000000E+1	0.0000000000E+0
2.1332695134E-2	0.0000000000E+0	2.9623158386E+4	1.0000000000E+2	0.0000000000E+0
2.1323495649E-2	0.0000000000E+0	2.9623155120E+4	1.0100000000E+2	0.0000000000E+0
2.1305984917E-2	0.0000000000E+0	2.9623158087E+4	1.0200000000E+2	0.0000000000E+0
2.1324920705E-2	0.0000000000E+0	2.9623156852E+4	1.0300000000E+2	0.0000000000E+0
2.1381481489E-2	0.0000000000E+0	2.9623153325E+4	1.0400000000E+2	0.0000000000E+0
2.1314036458E-2	0.0000000000E+0	2.9623159726E+4	1.0500000000E+2	0.0000000000E+0
2.1341449000E-2	0.0000000000E+0	2.9623149315E+4	1.0600000000E+2	0.0000000000E+0
2.1130827675E-2	0.0000000000E+0	2.9623144465E+4	1.0700000000E+2	0.0000000000E+0
2.1281116142E-2	0.0000000000E+0	2.9623114779E+4	1.0800000000E+2	0.0000000000E+0
2.1419859339E-2	0.0000000000E+0	2.9623093319E+4	1.0900000000E+2	0.0000000000E+0
2.1285743790E-2	0.0000000000E+0	2.9623116381E+4	1.1000000000E+2	0.0000000000E+0
2.1434283079E-2	0.0000000000E+0	2.9623119396E+4	1.1100000000E+2	0.0000000000E+0
2.1475963427E-2	0.0000000000E+0	2.9623134003E+4	1.1200000000E+2	0.0000000000E+0
2.1430107791E-2	0.0000000000E+0	2.9623155996E+4	1.1300000000E+2	0.0000000000E+0
2.1379869359E-2	0.0000000000E+0	2.9623170078E+4	1.1400000000E+2	0.0000000000E+0
2.1354957136E-2	0.0000000000E+0	2.9623203650E+4	1.1500000000E+2	0.0000000000E+0
2.1224486618E-2	0.0000000000E+0	2.9623237604E+4	1.1600000000E+2	0.0000000000E+0
2.1167249235E-2	0.0000000000E+0	2.9623270618E+4	1.1700000000E+2	0.0000000000E+0
2.1134658508E-2	0.0000000000E+0	2.9623288774E+4	1.1800000000E+2	0.0000000000E+0
2.1157343928E-2	0.0000000000E+0	2.9623319694E+4	1.1900000000E+2	0.0000000000E+0
2.1151661669E-2	0.0000000000E+0	2.9623334116E+4	1.2000000000E+2	0.0000000000E+0
2.1095282364E-2	0.0000000000E+0	2.9623354408E+4	1.2100000000E+2	0.0000000000E+0
2.0937835744E-2	0.0000000000E+0	2.9623363680E+4	1.2200000000E+2	0.0000000000E+0
2.0841732890E-2	0.0000000000E+0	2.9623387580E+4	1.2300000000E+2	0.0000000000E+0
2.0953654823E-2	0.0000000000E+0	2.9623408643E+4	1.2400000000E+2	0.0000000000E+0
2.0888235881E-2	0.0000000000E+0	2.9623425654E+4	1.2500000000E+2	0.0000000000E+0
2.0822896385E-2	0.0000000000E+0	2.9623441897E+4	1.2600000000E+2	0.0000000000E+0
2.0853347181E-2	0.0000000000E+0	2.9623465650E+4	1.2700000000E+2	0.0000000000E+0
2.0896121991E-2	0.0000000000E+0	2.9623478791E+4	1.2800000000E+2	0.0000000000E+0
2.0881935743E-2	0.0000000000E+0	2.9623490691E+4	1.2900000000E+2	0.0000000000E+0
2.0814043884E-2	0.0000000000E+0	2.9623506231E+4	1.3000000000E+2	0.0000000000E+0
2.0812461815E-2	0.0000000000E+0	2.9623517644E+4	1.3100000000E+2	0.0000000000E+0
2.0797447192E-2	0.0000000000E+0	2.9623528990E+4	1.3200000000E+2	0.0000000000E+0
2.0905009244E-2	0.0000000000E+0	2.9623546338E+4	1.3300000000E+2	0.0000000000E+0
2.0985924225E-2	0.0000000000E+0	2.9623549567E+4	1.3400000000E+2	0.0000000000E+0
2.1028077571E-2	0.0000000000E+0	2.9623552097E+4	1.3500000000E+2	0.0000000000E+0
2.1046756808E-2	0.0000000000E+0	2.9623547241E+4	1.3600000000E+2	0.0000000000E+0
2.1071470019E-2	0.0000000000E+0	2.9623557430E+4	1.3700000000E+2	0.0000000000E+0
2.1042875595E-2	0.0000000000E+0	2.9623557126E+4	1.3800000000E+2	0.0000000000E+0
2.1108644702E-2	0.0000000000E+0	2.9623563246E+4	1.3900000000E+2	0.0000000000E+0
2.0999003792E-2	0.0000000000E+0	2.9623558844E+4	1.4000000000E+2	0.0000000000E+0
2.0940740852E-2	0.0000000000E+0	2.9623559725E+4	1.4100000000E+2	0.0000000000E+0
2.0972916234E-2	0.0000000000E+0	2.9623566412E+4	1.4200000000E+2	0.0000000000E+0
2.0890766767E-2	0.0000000000E+0	2.9623559864E+4	1.4300000000E+2	0.0000000000E+0
2.0838547300E-2	0.0000000000E+0	2.9623565524E+4	1.4400000000E+2	0.0000000000E+0
2.0955653419E-2	0.0000000000E+0	2.9623566015E+4	1.4500000000E+2	0.0000000000E+0
2.1000800819E-2	0.0000000000E+0	2.9623574198E+4	1.4600000000E+2	0.0000000000E+0
2.0946011963E-2	0.0000000000E+0	2.9623568776E+4	1.4700000000E+2	0.0000000000E+0
2.0976946831E-2	0.0000000000E+0	2.9623571369E+4	1.4800000000E+2	0.0000000000E+0
2.0982902489E-2	0.0000000000E+0	2.9623573050E+4	1.4900000000E+2	0.0000000000E+0
2.1006733297E-2	0.0000000000E+0	2.9623576055E+4	1.5000000000E+2	0.0000000000E+0
2.0934567744E-2	0.0000000000E+0	2.9623582152E+4	1.5100000000E+2	0.0000000000E+0
2.0967759260E-2	0.0000000000E+0	2.9623580278E+4	1.5200000000E+2	0.0000000000E+0
2.1016418381E-2	0.0000000000E+0	2.9623579675E+4	1.5300000000E+2	0.0000000000E+0
2.0950229556E-2	0.0000000000E+0	2.9623581505E+4	1.5400000000E+2	0.0000000000E+0
2.1073721695E-2	0.0000000000E+0	2.9623586163E+4	1.5500000000E+2	0.0000000000E+0
2.1091076317E-2	0.0000000000E+0	2.9623582046E+4	1.5600000000E+2	0.0000000000E+0
2.1095827522E-2	0.0000000000E+0	2.9623589699E+4	1.5700000000E+2	0.0000000000E+0
2.0962484016E-2	0.0000000000E+0	2.9623586416E+4	1.5800000000E+2	0.0000000000E+0
2.0940917969E-2	0.0000000000E+0	2.9623586984E+4	1.5900000000E+2	0.0000000000E+0
2.0912798525E-2	0.0000000000E+0	2.9623588029E+4	1.6000000000E+2	0.0000000000E+0
2.0909580053E-2	0.0000000000E+0	2.9623593871E+4	1.6100000000E+2	0.0000000000E+0
2.0955646947E-2	0.0000000000E+0	2.9623594180E+4	1.6200000000E+2	0.0000000000E+0
2.1022242521E-2	0.0000000000E+0	2.9623588288E+4	1.6300000000E+2	0.0000000000E+0
2.0973505478E-2	0.0000000000E+0	2.9623588784E+4	1.6400000000E+2	0.0000000000E+0
2.0994452883E-2	0.0000000000E+0	2.9623593251E+4	1.6500000000E+2	0.0000000000E+0
2.0990327390E-2	0.0000000000E+0	2.9623590166E+4	1.6600000000E+2	0.0000000000E+0
2.0962065086E-2	0.0000000000E+0	2.9623592130E+4	1.6700000000E+2	0.0000000000E+0
2.0924125392E-2	0.0000000000E+0	2.9623592914E+4	1.6800000000E+2	0.0000000000E+0
2.0921002172E-2	0.0000000000E+0	2.9623597662E+4	1.6900000000E+2	0.0000000000E+0
2.0934303525E-2	0.0000000000E+0	2.9623595006E+4	1.7000000000E+2	0.0000000000E+0
2.0978665543E-2	0.0000000000E+0	2.9623594988E+4	1.7100000000E+2	0.0000000000E+0
2.0880561028E-2	0.0000000000E+0	2.9623589422E+4	1.7200000000E+2	0.0000000000E+0
2.0876880697E-2	0.0000000000E+0	2.9623592313E+4	1.7300000000E+2	0.0000000000E+0
2.0965471764E-2	0.0000000000E+0	2.9623594757E+4	1.7400000000E+2	0.0000000000E+0
2.1018262291E-2	0.0000000000E+0	2.9623595380E+4	1.7500000000E+2	0.0000000000E+0
2.0936648191E-2	0.0000000000E+0	2.9623585633E+4	1.7600000000E+2	0.0000000000E+0
2.0923408648E-2	0.0000000000E+0	2.9623580710E+4	1.7700000000E+2	0.0000000000E+0
2.0991845016E-2	0.0000000000E+0	2.9623580208E+4	1.7800000000E+2	0.0000000000E+0
2.0921305072E-2	0.0000000000E+0	2.9623578543E+4	1.7900000000E+2	0.0000000000E+0
2.0886566226E-2	0.0000000000E+0	2.9623574624E+4	1.8000000000E+2	0.0000000000E+0
2.0894159266E-2	0.0000000000E+0	2.9623571149E+4	1.8100000000E+2	0.0000000000E+0
2.0970408020E-2	0.0000000000E+0	2.9623565957E+4	1.8200000000E+2	0.0000000000E+0
2.0944747645E-2	0.0000000000E+0	2.9623560191E+4	1.8300000000E+2	0.0000000000E+0
2.0861364072E-2	0.0000000000E+0	2.9623551193E+4	1.8400000000E+2	0.0000000000E+0
2.0936372528E-2	0.0000000000E+0	2.9623552577E+4	1.8500000000E+2	0.0000000000E+0
2.0845756137E-2	0.0000000000E+0	2.9623548480E+4	1.8600000000E+2	0.0000000000E+0
2.0941740735E-2	0.0000000000E+0	2.9623547191E+4	1.8700000000E+2	0.0000000000E+0
2.0976469485E-2	0.0000000000E+0	2.9623543316E+4	1.8800000000E+2	0.0000000000E+0
2.0922730166E-2	0.0000000000E+0	2.9623536167E+4	1.8900000000E+2	0.0000000000E+0
2.0925314713E-2	0.0000000000E+0	2.9623532525E+4	1.9000000000E+2	0.0000000000E+0
2.1005526988E-2	0.0000000000E+0	2.9623523244E+4	1.9100000000E+2	0.0000000000E+0
2.0927240791E-2	0.0000000000E+0	2.9623518881E+4	1.9200000000E+2	0.0000000000E+0
2.0912033106E-2	0.0000000000E+0	2.9623516924E+4	1.9300000000E+2	0.0000000000E+0
2.0934425392E-2	0.0000000000E+0	2.9623505247E+4	1.9400000000E+2	0.0000000000E+0
2.0900106468E-2	0.0000000000E+0	2.9623501699E+4	1.9500000000E+2	0.0000000000E+0
2.0912233022E-2	0.0000000000E+0	2.9623503800E+4	1.9600000000E+2	0.0000000000E+0
2.0996036021E-2	0.0000000000E+0	2.9623498288E+4	1.9700000000E+2	0.0000000000E+0
2.0983473841E-2	0.0000000000E+0	2.9623499515E+4	1.9800000000E+2	0.0000000000E+0
2.1025316366E-2	0.0000000000E+0	2.9623487332E+4	1.9900000000E+2	0.0000000000E+0
2.1027445666E-2	0.0000000000E+0	2.9623486909E+4	2.0000000000E+2	0.0000000000E+0
2.0970465635E-2	0.0000000000E+0	2.9623471492E+4	2.0100000000E+2	0.0000000000E+0
2.0992332408E-2	0.0000000000E+0	2.9623456594E+4	2.0200000000E+2	0.0000000000E+0
2.1056547826E-2	0.0000000000E+0	2.9623463048E+4	2.0300000000E+2	0.0000000000E+0
2.1000505486E-2	0.0000000000E+0	2.9623454277E+4	2.0400000000E+2	0.0000000000E+0
2.1063469543E-2	0.0000000000E+0	2.9623457142E+4	2.0500000000E+2	0.0000000000E+0
2.1122064260E-2	0.0000000000E+0	2.9623445645E+4	2.0600000000E+2	0.0000000000E+0
2.1042241694E-2	0.0000000000E+0	2.9623448125E+4	2.0700000000E+2	0.0000000000E+0
2.1058021418E-2	0.0000000000E+0	2.9623440387E+4	2.0800000000E+2	0.0000000000E+0
2.1048472544E-2	0.0000000000E+0	2.9623429128E+4	2.0900000000E+2	0.0000000000E+0
2.1055119985E-2	0.0000000000E+0	2.9623423760E+4	2.1000000000E+2	0.0000000000E+0
2.1059717445E-2	0.0000000000E+0	2.9623423985E+4	2.1100000000E+2	0.0000000000E+0
2.1006889839E-2	0.0000000000E+0	2.9623409162E+4	2.1200000000E+2	0.0000000000E+0
2.1008336512E-2	0.0000000000E+0	2.9623407637E+4	2.1300000000E+2	0.0000000000E+0
2.1180850665E-2	0.0000000000E+0	2.9623400550E+4	2.1400000000E+2	0.0000000000E+0
2.1256697477E-2	0.0000000000E+0	2.9623395860E+4	2.1500000000E+2	0.0000000000E+0
2.1143693873E-2	0.0000000000E+0	2.9623390588E+4	2.1600000000E+2	0.0000000000E+0
2.1152351812E-2	0.0000000000E+0	2.9623385185E+4	2.1700000000E+2	0.0000000000E+0
2.1167927411E-2	0.0000000000E+0	2.9623375423E+4	2.1800000000E+2	0.0000000000E+0
2.1254943110E-2	0.0000000000E+0	2.9623359453E+4	2.1900000000E+2	0.0000000000E+0
2.1249030024E-2	0.0000000000E+0	2.9623360676E+4	2.2000000000E+2	0.0000000000E+0
2.1190092557E-2	0.0000000000E+0	2.9623350948E+4	2.2100000000E+2	0.0000000000E+0
2.1201921565E-2	0.0000000000E+0	2.9623349171E+4	2.2200000000E+2	0.0000000000E+0
2.1205861397E-2	0.0000000000E+0	2.9623338526E+4	2.2300000000E+2	0.0000000000E+0
2.1213907572E-2	0.0000000000E+0	2.9623327349E+4	2.2400000000E+2	0.0000000000E+0
2.1234943301E-2	0.0000000000E+0	2.9623314402E+4	2.2500000000E+2	0.0000000000E+0
2.1387641818E-2	0.0000000000E+0	2.9623306794E+4	2.2600000000E+2	0.0000000000E+0
2.1295126559E-2	0.0000000000E+0	2.9623302246E+4	2.2700000000E+2	0.0000000000E+0
2.1288192902E-2	0.0000000000E+0	2.9623289010E+4	2.2800000000E+2	0.0000000000E+0
2.1272250481E-2	0.0000000000E+0	2.9623288721E+4	2.2900000000E+2	0.0000000000E+0
2.1402750676E-2	0.0000000000E+0	2.9623281445E+4	2.3000000000E+2	0.0000000000E+0
2.1343456090E-2	0.0000000000E+0	2.9623268925E+4	2.3100000000E+2	0.0000000000E+0
2.1429485372E-2	0.0000000000E+0	2.9623260513E+4	2.3200000000E+2	0.0000000000E+0
2.1405053164E-2	0.0000000000E+0	2.9623242288E+4	2.3300000000E+2	0.0000000000E+0
2.1348191350E-2	0.0000000000E+0	2.9623243664E+4	2.3400000000E+2	0.0000000000E+0
2.1403299561E-2	0.0000000000E+0	2.9623231282E+4	2.3500000000E+2	0.0000000000E+0
2.1308407033E-2	0.0000000000E+0	2.9623229296E+4	2.3600000000E+2	0.0000000000E+0
2.1401422729E-2	0.0000000000E+0	2.9623224435E+4	2.3700000000E+2	0.0000000000E+0
2.1434308802E-2	0.0000000000E+0	2.9623211773E+4	2.3800000000E+2	0.0000000000E+0
2.1497655474E-2	0.0000000000E+0	2.9623203251E+4	2.3900000000E+2	0.0000000000E+0
2.1473747482E-2	0.0000000000E+0	2.9623205662E+4	2.4000000000E+2	0.0000000000E+0
2.1515707321E-2	0.0000000000E+0	2.9623184322E+4	2.4100000000E+2	0.0000000000E+0
2.1461590970E-2	0.0000000000E+0	2.9623185418E+4	2.4200000000E+2	0.0000000000E+0
2.1360308291E-2	0.0000000000E+0	2.9623183623E+4	2.4300000000E+2	0.0000000000E+0
2.1416937383E-2	0.0000000000E+0	2.9623176248E+4	2.4400000000E+2	0.0000000000E+0
2.1539478188E-2	0.0000000000E+0	2.9623167377E+4	2.4500000000E+2	0.0000000000E+0
2.1477311935E-2	0.0000000000E+0	2.9623157213E+4	2.4600000000E+2	0.0000000000E+0
2.1495259425E-2	0.0000000000E+0	2.9623150302E+4	2.4700000000E+2	0.0000000000E+0
2.1530049095E-2	0.0000000000E+0	2.9623146123E+4	2.4800000000E+2	0.0000000000E+0
2.1506776339E-2	0.0000000000E+0	2.9623153851E+4	2.4900000000E+2	0.0000000000E+0
2.1501398532E-2	0.0000000000E+0	2.9623142658E+4	2.5000000000E+2	0.0000000000E+0
2.1422324842E-2	0.0000000000E+0	2.9623148530E+4	2.5100000000E+2	0.0000000000E+0
2.1343571040E-2	0.0000000000E+0	2.9623138385E+4	2.5200000000E+2	0.0000000000E+0
2.1409029160E-2	0.0000000000E+0	2.9623135303E+4	2.5300000000E+2	0.0000000000E+0
2.1472346408E-2	0.0000000000E+0	2.9623135402E+4	2.5400000000E+2	0.0000000000E+0
2.1503716278E-2	0.0000000000E+0	2.9623133414E+4	2.5500000000E+2	0.0000000000E+0
2.1463561452E-2	0.0000000000E+0	2.9623132369E+4	2.5600000000E+2	0.0000000000E+0
2.1492835948E-2	0.0000000000E+0	2.9623130189E+4	2.5700000000E+2	0.0000000000E+0
2.1420085780E-2	0.0000000000E+0	2.9623133148E+4	2.5800000000E+2	0.0000000000E+0
2.1455381381E-2	0.0000000000E+0	2.9623126837E+4	2.5900000000E+2	0.0000000000E+0
2.1327635244E-2	0.0000000000E+0	2.9623128217E+4	2.6000000000E+2	0.0000000000E+0
2.1365804710E-2	0.0000000000E+0	2.9623124343E+4	2.6100000000E+2	0.0000000000E+0
2.1376006686E-2	0.0000000000E+0	2.9623125653E+4	2.6200000000E+2	0.0000000000E+0
2.1431833509E-2	0.0000000000E+0	2.9623120516E+4	2.6300000000E+2	0.0000000000E+0
2.1356714096E-2	0.0000000000E+0	2.9623125020E+4	2.6400000000E+2	0.0000000000E+0
2.1392690442E-2	0.0000000000E+0	2.9623128991E+4	2.6500000000E+2	0.0000000000E+0
2.1349741389E-2	0.0000000000E+0	2.9623129009E+4	2.6600000000E+2	0.0000000000E+0
2.1407694626E-2	0.0000000000E+0	2.9623139234E+4	2.6700000000E+2	0.0000000000E+0
2.1356125132E-2	0.0000000000E+0	2.9623143041E+4	2.6800000000E+2	0.0000000000E+0
2.1280014114E-2	0.0000000000E+0	2.9623142377E+4	2.6900000000E+2	0.0000000000E+0
2.1341030223E-2	0.0000000000E+0	2.9623137431E+4	2.7000000000E+2	0.0000000000E+0
2.1354857229E-2	0.0000000000E+0	2.9623140578E+4	2.7100000000E+2	0.0000000000E+0
2.1299727364E-2	0.0000000000E+0	2.9623132078E+4	2.7200000000E+2	0.0000000000E+0
2.1323869692E-2	0.0000000000E+0	2.9623121953E+4	2.7300000000E+2	0.0000000000E+0
2.1253451983E-2	0.0000000000E+0	2.9623121350E+4	2.7400000000E+2	0.0000000000E+0
2.1405394694E-2	0.0000000000E+0	2.9623114755E+4	2.7500000000E+2	0.0000000000E+0
2.1394415894E-2	0.0000000000E+0	2.9623110687E+4	2.7600000000E+2	0.0000000000E+0
2.1485974337E-2	0.0000000000E+0	2.9623106183E+4	2.7700000000E+2	0.0000000000E+0
2.1294870974E-2	0.0000000000E+0	2.9623103175E+4	2.7800000000E+2	0.0000000000E+0
2.1377337774E-2	0.0000000000E+0	2.9623107436E+4	2.7900000000E+2	0.0000000000E+0
2.1335491816E-2	0.0000000000E+0	2.9623108916E+4	2.8000000000E+2	0.0000000000E+0
2.1397627678E-2	0.0000000000E+0	2.9623105791E+4	2.8100000000E+2	0.0000000000E+0
2.1409716479E-2	0.0000000000E+0	2.9623107824E+4	2.8200000000E+2	0.0000000000E+0
2.1275188586E-2	0.0000000000E+0	2.9623103668E+4	2.8300000000E+2	0.0000000000E+0
2.1404053904E-2	0.0000000000E+0	2.9623108516E+4	2.8400000000E+2	0.0000000000E+0
2.1427812411E-2	0.0000000000E+0	2.9623109681E+4	2.8500000000E+2	0.0000000000E+0
2.1483741633E-2	0.0000000000E+0	2.9623108894E+4	2.8600000000E+2	0.0000000000E+0
2.1464696795E-2	0.0000000000E+0	2.9623114290E+4	2.8700000000E+2	0.0000000000E+0
2.1398460706E-2	0.0000000000E+0	2.9623111403E+4	2.8800000000E+2	0.0000000000E+0
2.1407983526E-2	0.0000000000E+0	2.9623117357E+4	2.8900000000E+2	0.0000000000E+0
2.1318688049E-2	0.0000000000E+0	2.9623121463E+4	2.9000000000E+2	0.0000000000E+0
2.1426972020E-2	0.0000000000E+0	2.9623122376E+4	2.9100000000E+2	0.0000000000E+0
2.1480563761E-2	0.0000000000E+0	2.9623130177E+4	2.9200000000E+2	0.0000000000E+0
2.1494763641E-2	0.0000000000E+0	2.9623139329E+4	2.9300000000E+2	0.0000000000E+0
2.1415133146E-2	0.0000000000E+0	2.9623144448E+4	2.9400000000E+2	0.0000000000E+0
2.1465752729E-2	0.0000000000E+0	2.9623150016E+4	2.9500000000E+2	0.0000000000E+0
2.1345013428E-2	0.0000000000E+0	2.9623156154E+4	2.9600000000E+2	0.0000000000E+0
2.1404665515E-2	0.0000000000E+0	2.9623164174E+4	2.9700000000E+2	0.0000000000E+0
2.1416877480E-2	0.0000000000E+0	2.9623165963E+4	2.9800000000E+2	0.0000000000E+0
2.1482330093E-2	0.0000000000E+0	2.9623171921E+4	2.9900000000E+2	0.0000000000E+0
2.1410714175E-2	0.0000000000E+0	2.9623183484E+4	3.0000000000E+2	0.0000000000E+0
2.1469203682E-2	0.0000000000E+0	2.9623192219E+4	3.0100000000E+2	0.0000000000E+0
2.1416282921E-2	0.0000000000E+0	2.9623200186E+4	3.0200000000E+2	0.0000000000E+0
2.1404764188E-2	0.0000000000E+0	2.9623207133E+4	3.0300000000E+2	0.0000000000E+0
2.1365957362E-2	0.0000000000E+0	2.9623215225E+4	3.0400000000E+2	0.0000000000E+0
2.1398566577E-2	0.0000000000E+0	2.9623218408E+4	3.0500000000E+2	0.0000000000E+0
2.1383592389E-2	0.0000000000E+0	2.9623232479E+4	3.0600000000E+2	0.0000000000E+0
2.1343488820E-2	0.0000000000E+0	2.9623244538E+4	3.0700000000E+2	0.0000000000E+0
2.1335087751E-2	0.0000000000E+0	2.9623248895E+4	3.0800000000E+2	0.0000000000E+0
2.1292155228E-2	0.0000000000E+0	2.9623261341E+4	3.0900000000E+2	0.0000000000E+0
2.1364102542E-2	0.0000000000E+0	2.9623262314E+4	3.1000000000E+2	0.0000000000E+0
2.1299845047E-2	0.0000000000E+0	2.9623276617E+4	3.1100000000E+2	0.0000000000E+0
2.1272734451E-2	0.0000000000E+0	2.9623288535E+4	3.1200000000E+2	0.0000000000E+0
2.1275030123E-2	0.0000000000E+0	2.9623295121E+4	3.1300000000E+2	0.0000000000E+0
2.1227393812E-2	0.0000000000E+0	2.9623306211E+4	3.1400000000E+2	0.0000000000E+0
2.1334044851E-2	0.0000000000E+0	2.9623308697E+4	3.1500000000E+2	0.0000000000E+0
2.1274571152E-2	0.0000000000E+0	2.9623319229E+4	3.1600000000E+2	0.0000000000E+0
2.1235646540E-2	0.0000000000E+0	2.9623322740E+4	3.1700000000E+2	0.0000000000E+0
2.1252133522E-2	0.0000000000E+0	2.9623336740E+4	3.1800000000E+2	0.0000000000E+0
2.1256512019E-2	0.0000000000E+0	2.9623350244E+4	3.1900000000E+2	0.0000000000E+0
2.1270147120E-2	0.0000000000E+0	2.9623355927E+4	3.2000000000E+2	0.0000000000E+0
2.1119340795E-2	0.0000000000E+0	2.9623361909E+4	3.2100000000E+2	0.0000000000E+0
2.1191521581E-2	0.0000000000E+0	2.9623369721E+4	3.2200000000E+2	0.0000000000E+0
2.1195219078E-2	0.0000000000E+0	2.9623380534E+4	3.2300000000E+2	0.0000000000E+0
2.1199932887E-2	0.0000000000E+0	2.9623388040E+4	3.2400000000E+2	0.0000000000E+0
2.1172647794E-2	0.0000000000E+0	2.9623400301E+4	3.2500000000E+2	0.0000000000E+0
2.1163272171E-2	0.0000000000E+0	2.9623405350E+4	3.2600000000E+2	0.0000000000E+0
2.1118489698E-2	0.0000000000E+0	2.9623412042E+4	3.2700000000E+2	0.0000000000E+0
2.1036262093E-2	0.0000000000E+0	2.9623413116E+4	3.2800000000E+2	0.0000000000E+0
2.1074737523E-2	0.0000000000E+0	2.9623421503E+4	3.2900000000E+2	0.0000000000E+0
2.1047440770E-2	0.0000000000E+0	2.9623423982E+4	3.3000000000E+2	0.0000000000E+0
2.1146256561E-2	0.0000000000E+0	2.9623432648E+4	3.3100000000E+2	0.0000000000E+0
2.1027814420E-2	0.0000000000E+0	2.9623443105E+4	3.3200000000E+2	0.0000000000E+0
2.1106675072E-2	0.0000000000E+0	2.9623446452E+4	3.3300000000E+2	0.0000000000E+0
2.0955489489E-2	0.0000000000E+0	2.9623453727E+4	3.3400000000E+2	0.0000000000E+0
2.1078284518E-2	0.0000000000E+0	2.9623462329E+4	3.3500000000E+2	0.0000000000E+0
2.1167933528E-2	0.0000000000E+0	2.9623463093E+4	3.3600000000E+2	0.0000000000E+0
2.1050883204E-2	0.0000000000E+0	2.9623462965E+4	3.3700000000E+2	0.0000000000E+0
2.1075654386E-2	0.0000000000E+0	2.9623472646E+4	3.3800000000E+2	0.0000000000E+0
2.1085260722E-2	0.0000000000E+0	2.9623480110E+4	3.3900000000E+2	0.0000000000E+0
2.1119137828E-2	0.0000000000E+0	2.9623487174E+4	3.4000000000E+2	0.0000000000E+0
2.1050055644E-2	0.0000000000E+0	2.9623494328E+4	3.4100000000E+2	0.0000000000E+0
2.1022375132E-2	0.0000000000E+0	2.9623501083E+4	3.4200000000E+2	0.0000000000E+0
2.0998461329E-2	0.0000000000E+0	2.9623506097E+4	3.4300000000E+2	0.0000000000E+0
2.1087814687E-2	0.0000000000E+0	2.9623506717E+4	3.4400000000E+2	0.0000000000E+0
2.1058388672E-2	0.0000000000E+0	2.9623507094E+4	3.4500000000E+2	0.0000000000E+0
2.0946665904E-2	0.0000000000E+0	2.9623521680E+4	3.4600000000E+2	0.0000000000E+0
2.0954383990E-2	0.0000000000E+0	2.9623523995E+4	3.4700000000E+2	0.0000000000E+0
2.1122893906E-2	0.0000000000E+0	2.9623527631E+4	3.4800000000E+2	0.0000000000E+0
2.1001816559E-2	0.0000000000E+0	2.9623535570E+4	3.4900000000E+2	0.0000000000E+0
2.1024271609E-2	0.0000000000E+0	2.9623539575E+4	3.5000000000E+2	0.0000000000E+0
2.1005804354E-2	0.0000000000E+0	2.9623546805E+4	3.5100000000E+2	0.0000000000E+0
2.0891786130E-2	0.0000000000E+0	2.9623554284E+4	3.5200000000E+2	0.0000000000E+0
2.0983516413E-2	0.0000000000E+0	2.9623557631E+4	3.5300000000E+2	0.0000000000E+0
2.0933476143E-2	0.0000000000E+0	2.9623560059E+4	3.5400000000E+2	0.0000000000E+0
2.1023105799E-2	0.0000000000E+0	2.9623566586E+4	3.5500000000E+2	0.0000000000E+0
2.1013900401E-2	0.0000000000E+0	2.9623569641E+4	3.5600000000E+2	0.0000000000E+0
2.0940668958E-2	0.0000000000E+0	2.9623575828E+4	3.5700000000E+2	0.0000000000E+0
2.1036973597E-2	0.0000000000E+0	2.9623581168E+4	3.5800000000E+2	0.0000000000E+0
2.1014759038E-2	0.0000000000E+0	2.9623590219E+4	3.5900000000E+2	0.0000000000E+0
2.0995878448E-2	0.0000000000E+0	2.9623600307E+4	3.6000000000E+2	0.0000000000E+0
2.0958432020E-2	0.0000000000E+0	2.9623608966E+4	3.6100000000E+2	0.0000000000E+0
2.0897820702E-2	0.0000000000E+0	2.9623602622E+4	3.6200000000E+2	0.0000000000E+0
2.0895298182E-2	0.0000000000E+0	2.9623598729E+4	3.6300000000E+2	0.0000000000E+0
2.0871476250E-2	0.0000000000E+0	2.9623604835E+4	3.6400000000E+2	0.0000000000E+0
2.0929795049E-2	0.0000000000E+0	2.9623610264E+4	3.6500000000E+2	0.0000000000E+0
2.0882544085E-2	0.0000000000E+0	2.9623601665E+4	3.6600000000E+2	0.0000000000E+0
2.0950579618E-2	0.0000000000E+0	2.9623611385E+4	3.6700000000E+2	0.0000000000E+0
2.0787217763E-2	0.0000000000E+0	2.9623629517E+4	3.6800000000E+2	0.0000000000E+0
2.0959419759E-2	0.0000000000E+0	2.9623603234E+4	3.6900000000E+2	0.0000000000E+0
2.1115126406E-2	0.0000000000E+0	2.9623601337E+4	3.7000000000E+2	0.0000000000E+0
2.1074330724E-2	0.0000000000E+0	2.9623587109E+4	3.7100000000E+2	0.0000000000E+0
2.1157314390E-2	0.0000000000E+0	2.9623592131E+4	3.7200000000E+2	0.0000000000E+0
2.1185701561E-2	0.0000000000E+0	2.9623581932E+4	3.7300000000E+2	0.0000000000E+0
2.1226466433E-2	0.0000000000E+0	2.9623571911E+4	3.7400000000E+2	0.0000000000E+0
2.1291158473E-2	0.0000000000E+0	2.9623564833E+4	3.7500000000E+2	0.0000000000E+0
2.1315280024E-2	0.0000000000E+0	2.9623556225E+4	3.7600000000E+2	0.0000000000E+0
2.1236864293E-2	0.0000000000E+0	2.9623544100E+4	3.7700000000E+2	0.0000000000E+0
2.1407768199E-2	0.0000000000E+0	2.9623540219E+4	3.7800000000E+2	0.0000000000E+0
2.1482552096E-2	0.0000000000E+0	2.9623529637E+4	3.7900000000E+2	0.0000000000E+0
2.1488090413E-2	0.0000000000E+0	2.9623517248E+4	3.8000000000E+2	0.0000000000E+0
2.1445619520E-2	0.0000000000E+0	2.9623509225E+4	3.8100000000E+2	0.0000000000E+0
2.1621665090E-2	0.0000000000E+0	2.9623483657E+4	3.8200000000E+2	0.0000000000E+0
2.1660576235E-2	0.0000000000E+0	2.9623485489E+4	3.8300000000E+2	0.0000000000E+0
2.1533157132E-2	0.0000000000E+0	2.9623473690E+4	3.8400000000E+2	0.0000000000E+0
2.1659257723E-2	0.0000000000E+0	2.9623460865E+4	3.8500000000E+2	0.0000000000E+0
2.1660217997E-2	0.0000000000E+0	2.9623443677E+4	3.8600000000E+2	0.0000000000E+0
2.1644386139E-2	0.0000000000E+0	2.9623433048E+4	3.8700000000E+2	0.0000000000E+0
2.1695154521E-2	0.0000000000E+0	2.9623418944E+4	3.8800000000E+2	0.0000000000E+0
2.1682576714E-2	0.0000000000E+0	2.9623399713E+4	3.8900000000E+2	0.0000000000E+0
2.1040739543E-2	0.0000000000E+0	2.9623400885E+4	3.9000000000E+2	0.0000000000E+0
2.1693586108E-2	0.0000000000E+0	2.9623375929E+4	3.9100000000E+2	0.0000000000E+0
2.1850250842E-2	0.0000000000E+0	2.9623357073E+4	3.9200000000E+2	0.0000000000E+0
2.1789072774E-2	0.0000000000E+0	2.9623338048E+4	3.9300000000E+2	0.0000000000E+0
2.1844709269E-2	0.0000000000E+0	2.9623331999E+4	3.9400000000E+2	0.0000000000E+0
2.1811034851E-2	0.0000000000E+0	2.9623315173E+4	3.9500000000E+2	0.0000000000E+0
2.1891331011E-2	0.0000000000E+0	2.9623289109E+4	3.9600000000E+2	0.0000000000E+0
2.1786906853E-2	0.0000000000E+0	2.9623281427E+4	3.9700000000E+2	0.0000000000E+0
2.1777241732E-2	0.0000000000E+0	2.9623261388E+4	3.9800000000E+2	0.0000000000E+0
2.1960259857E-2	0.0000000000E+0	2.9623215442E+4	3.9900000000E+2	0.0000000000E+0
2.2000098127E-2	0.0000000000E+0	2.9623213434E+4	4.0000000000E+2	0.0000000000E+0
2.1869503822E-2	0.0000000000E+0	2.9623198542E+4	4.0100000000E+2	0.0000000000E+0
2.1945602748E-2	0.0000000000E+0	2.9623182992E+4	4.0200000000E+2	0.0000000000E+0
2.1874639409E-2	0.0000000000E+0	2.9623170578E+4	4.0300000000E+2	0.0000000000E+0
2.1909868393E-2	0.0000000000E+0	2.9623148849E+4	4.0400000000E+2	0.0000000000E+0
2.1958853963E-2	0.0000000000E+0	2.9623143358E+4	4.0500000000E+2	0.0000000000E+0
2.2060746180E-2	0.0000000000E+0	2.9623126272E+4	4.0600000000E+2	0.0000000000E+0
2.1865206744E-2	0.0000000000E+0	2.9623110403E+4	4.0700000000E+2	0.0000000000E+0
2.1973340708E-2	0.0000000000E+0	2.9623108901E+4	4.0800000000E+2	0.0000000000E+0
2.1869739342E-2	0.0000000000E+0	2.9623109387E+4	4.0900000000E+2	0.0000000000E+0
2.1916009343E-2	0.0000000000E+0	2.9623105681E+4	4.1000000000E+2	0.0000000000E+0
2.1927100538E-2	0.0000000000E+0	2.9623112482E+4	4.1100000000E+2	0.0000000000E+0
2.1898559850E-2	0.0000000000E+0	2.9623113306E+4	4.1200000000E+2	0.0000000000E+0
2.1889845924E-2	0.0000000000E+0	2.9623116052E+4	4.1300000000E+2	0.0000000000E+0
2.2021490046E-2	0.0000000000E+0	2.9623118047E+4	4.1400000000E+2	0.0000000000E+0
2.1967160543E-2	0.0000000000E+0	2.9623122458E+4	4.1500000000E+2	0.0000000000E+0
2.1931982651E-2	0.0000000000E+0	2.9623121900E+4	4.1600000000E+2	0.0000000000E+0
2.1888754654E-2	0.0000000000E+0	2.9623126174E+4	4.1700000000E+2	0.0000000000E+0
2.1959115194E-2	0.0000000000E+0	2.9623125771E+4	4.1800000000E+2	0.0000000000E+0
2.1955180397E-2	0.0000000000E+0	2.9623128217E+4	4.1900000000E+2	0.0000000000E+0
2.1924192912E-2	0.0000000000E+0	2.9623131943E+4	4.2000000000E+2	0.0000000000E+0
2.1841838290E-2	0.0000000000E+0	2.9623129314E+4	4.2100000000E+2	0.0000000000E+0
2.1932211037E-2	0.0000000000E+0	2.9623131637E+4	4.2200000000E+2	0.0000000000E+0
2.2029822693E-2	0.0000000000E+0	2.9623130046E+4	4.2300000000E+2	0.0000000000E+0
2.1922250315E-2	0.0000000000E+0	2.9623136743E+4	4.2400000000E+2	0.0000000000E+0
2.1939956462E-2	0.0000000000E+0	2.9623136416E+4	4.2500000000E+2	0.0000000000E+0
2.1874525604E-2	0.0000000000E+0	2.9623136813E+4	4.2600000000E+2	0.0000000000E+0
2.1841338412E-2	0.0000000000E+0	2.9623140437E+4	4.2700000000E+2	0.0000000000E+0
2.1971355451E-2	0.0000000000E+0	2.9623141919E+4	4.2800000000E+2	0.0000000000E+0
2.1861855596E-2	0.0000000000E+0	2.9623143471E+4	4.2900000000E+2	0.0000000000E+0
2.1659226074E-2	0.0000000000E+0	2.9623143350E+4	4.3000000000E+2	0.0000000000E+0
2.1976218287E-2	0.0000000000E+0	2.9623145261E+4	4.3100000000E+2	0.0000000000E+0
2.1940157026E-2	0.0000000000E+0	2.9623142651E+4	4.3200000000E+2	0.0000000000E+0
2.1978885816E-2	0.0000000000E+0	2.9623144565E+4	4.3300000000E+2	0.0000000000E+0
2.1964767749E-2	0.0000000000E+0	2.9623147496E+4	4.3400000000E+2	0.0000000000E+0
2.1872037684E-2	0.0000000000E+0	2.9623144646E+4	4.3500000000E+2	0.0000000000E+0
2.1929127185E-2	0.0000000000E+0	2.9623141893E+4	4.3600000000E+2	0.0000000000E+0
2.2003717041E-2	0.0000000000E+0	2.9623147655E+4	4.3700000000E+2	0.0000000000E+0
2.1949252243E-2	0.0000000000E+0	2.9623148686E+4	4.3800000000E+2	0.0000000000E+0
2.1803828799E-2	0.0000000000E+0	2.9623142963E+4	4.3900000000E+2	0.0000000000E+0
2.1717129148E-2	0.0000000000E+0	2.9623148502E+4	4.4000000000E+2	0.0000000000E+0
2.1716245308E-2	0.0000000000E+0	2.9623144463E+4	4.4100000000E+2	0.0000000000E+0
2.1757725283E-2	0.0000000000E+0	2.9623149403E+4	4.4200000000E+2	0.0000000000E+0
2.1711947098E-2	0.0000000000E+0	2.9623144747E+4	4.4300000000E+2	0.0000000000E+0
2.1702609444E-2	0.0000000000E+0	2.9623146494E+4	4.4400000000E+2	0.0000000000E+0
2.1724839706E-2	0.0000000000E+0	2.9623146558E+4	4.4500000000E+2	0.0000000000E+0
2.1732885043E-2	0.0000000000E+0	2.9623150531E+4	4.4600000000E+2	0.0000000000E+0
2.1590552228E-2	0.0000000000E+0	2.9623149961E+4	4.4700000000E+2	0.0000000000E+0
2.1659123268E-2	0.0000000000E+0	2.9623144900E+4	4.4800000000E+2	0.0000000000E+0
2.1655144984E-2	0.0000000000E+0	2.9623147469E+4	4.4900000000E+2	0.0000000000E+0
2.1659983699E-2	0.0000000000E+0	2.9623150214E+4	4.5000000000E+2	0.0000000000E+0
2.1609655113E-2	0.0000000000E+0	2.9623150309E+4	4.5100000000E+2	0.0000000000E+0
2.1626553141E-2	0.0000000000E+0	2.9623147521E+4	4.5200000000E+2	0.0000000000E+0
2.1512744751E-2	0.0000000000E+0	2.9623147509E+4	4.5300000000E+2	0.0000000000E+0
2.1615063019E-2	0.0000000000E+0	2.9623150438E+4	4.5400000000E+2	0.0000000000E+0
2.1616413587E-2	0.0000000000E+0	2.9623145346E+4	4.5500000000E+2	0.0000000000E+0
2.1616650454E-2	0.0000000000E+0	2.9623145522E+4	4.5600000000E+2	0.0000000000E+0
2.1291648776E-2	0.0000000000E+0	2.9623150367E+4	4.5700000000E+2	0.0000000000E+0
2.1435549711E-2	0.0000000000E+0	2.9623146120E+4	4.5800000000E+2	0.0000000000E+0
2.1368038063E-2	0.0000000000E+0	2.9623147111E+4	4.5900000000E+2	0.0000000000E+0
2.1356483243E-2	0.0000000000E+0	2.9623142769E+4	4.6000000000E+2	0.0000000000E+0
2.1427709592E-2	0.0000000000E+0	2.9623146279E+4	4.6100000000E+2	0.0000000000E+0
2.1436999067E-2	0.0000000000E+0	2.9623143665E+4	4.6200000000E+2	0.0000000000E+0
2.1409949951E-2	0.0000000000E+0	2.9623141296E+4	4.6300000000E+2	0.0000000000E+0
2.1393754514E-2	0.0000000000E+0	2.9623138777E+4	4.6400000000E+2	0.0000000000E+0
2.1428126971E-2	0.0000000000E+0	2.9623138027E+4	4.6500000000E+2	0.0000000000E+0
2.1342170779E-2	0.0000000000E+0	2.9623139336E+4	4.6600000000E+2	0.0000000000E+0
2.1271707395E-2	0.0000000000E+0	2.9623139188E+4	4.6700000000E+2	0.0000000000E+0
2.1399488055E-2	0.0000000000E+0	2.9623139584E+4	4.6800000000E+2	0.0000000000E+0
2.1471078059E-2	0.0000000000E+0	2.9623133301E+4	4.6900000000E+2	0.0000000000E+0
2.1430868492E-2	0.0000000000E+0	2.9623134502E+4	4.7000000000E+2	0.0000000000E+0
2.1316721344E-2	0.0000000000E+0	2.9623133037E+4	4.7100000000E+2	0.0000000000E+0
2.1367945251E-2	0.0000000000E+0	2.9623129078E+4	4.7200000000E+2	0.0000000000E+0
2.1298234418E-2	0.0000000000E+0	2.9623124016E+4	4.7300000000E+2	0.0000000000E+0
2.1280466347E-2	0.0000000000E+0	2.9623122076E+4	4.7400000000E+2	0.0000000000E+0
2.1266620496E-2	0.0000000000E+0	2.9623120824E+4	4.7500000000E+2	0.0000000000E+0
2.1253795980E-2	0.0000000000E+0	2.9623119534E+4	4.7600000000E+2	0.0000000000E+0
2.1267955170E-2	0.0000000000E+0	2.9623121666E+4	4.7700000000E+2	0.0000000000E+0
2.1294311574E-2	0.0000000000E+0	2.9623119927E+4	4.7800000000E+2	0.0000000000E+0
2.1295188268E-2	0.0000000000E+0	2.9623112992E+4	4.7900000000E+2	0.0000000000E+0
2.1316420530E-2	0.0000000000E+0	2.9623115701E+4	4.8000000000E+2	0.0000000000E+0
2.1357027486E-2	0.0000000000E+0	2.9623116631E+4	4.8100000000E+2	0.0000000000E+0
2.1344991951E-2	0.0000000000E+0	2.9623114582E+4	4.8200000000E+2	0.0000000000E+0
2.1334425087E-2	0.0000000000E+0	2.9623115034E+4	4.8300000000E+2	0.0000000000E+0
2.1331393725E-2	0.0000000000E+0	2.9623116965E+4	4.8400000000E+2	0.0000000000E+0
2.1414388911E-2	0.0000000000E+0	2.9623117785E+4	4.8500000000E+2	0.0000000000E+0
2.1481077754E-2	0.0000000000E+0	2.9623114039E+4	4.8600000000E+2	0.0000000000E+0
2.1400420341E-2	0.0000000000E+0	2.9623112421E+4	4.8700000000E+2	0.0000000000E+0
2.1407282359E-2	0.0000000000E+0	2.9623117741E+4	4.8800000000E+2	0.0000000000E+0
2.1441912409E-2	0.0000000000E+0	2.9623119721E+4	4.8900000000E+2	0.0000000000E+0
2.1573461723E-2	0.0000000000E+0	2.9623114826E+4	4.9000000000E+2	0.0000000000E+0
2.1587298495E-2	0.0000000000E+0	2.9623119337E+4	4.9100000000E+2	0.0000000000E+0
2.1443337936E-2	0.0000000000E+0	2.9623117882E+4	4.9200000000E+2	0.0000000000E+0
2.1494794121E-2	0.0000000000E+0	2.9623121970E+4	4.9300000000E+2	0.0000000000E+0
2.1545828718E-2	0.0000000000E+0	2.9623122727E+4	4.9400000000E+2	0.0000000000E+0
2.1640947278E-2	0.0000000000E+0	2.9623120115E+4	4.9500000000E+2	0.0000000000E+0
2.1672173119E-2	0.0000000000E+0	2.9623124776E+4	4.9600000000E+2	0.0000000000E+0
2.1614871051E-2	0.0000000000E+0	2.9623126862E+4	4.9700000000E+2	0.0000000000E+0
2.1737389488E-2	0.0000000000E+0	2.9623129821E+4	4.9800000000E+2	0.0000000000E+0
2.1874407997E-2	0.0000000000E+0	2.9623127771E+4	4.9900000000E+2	0.0000000000E+0
2.1657186737E-2	0.0000000000E+0	2.9623130469E+4	5.0000000000E+2	0.0000000000E+0
2.1669441706E-2	0.0000000000E+0	2.9623135058E+4	5.0100000000E+2	0.0000000000E+0
2.1714204191E-2	0.0000000000E+0	2.9623132829E+4	5.0200000000E+2	0.0000000000E+0
2.1809086189E-2	0.0000000000E+0	2.9623135895E+4	5.0300000000E+2	0.0000000000E+0
2.1718285027E-2	0.0000000000E+0	2.9623136438E+4	5.0400000000E+2	0.0000000000E+0
2.1641893463E-2	0.0000000000E+0	2.9623135195E+4	5.0500000000E+2	0.0000000000E+0
2.1782283325E-2	0.0000000000E+0	2.9623134901E+4	5.0600000000E+2	0.0000000000E+0
2.1714647217E-2	0.0000000000E+0	2.9623138306E+4	5.0700000000E+2	0.0000000000E+0
2.1637244390E-2	0.0000000000E+0	2.9623139832E+4	5.0800000000E+2	0.0000000000E+0
2.1723600642E-2	0.0000000000E+0	2.9623145744E+4	5.0900000000E+2	0.0000000000E+0
2.1744452960E-2	0.0000000000E+0	2.9623142456E+4	5.1000000000E+2	0.0000000000E+0
2.1726897367E-2	0.0000000000E+0	2.9623145248E+4	5.1100000000E+2	0.0000000000E+0
2.1807523168E-2	0.0000000000E+0	2.9623142059E+4	5.1200000000E+2	0.0000000000E+0
2.1779726092E-2	0.0000000000E+0	2.9623141211E+4	5.1300000000E+2	0.0000000000E+0
2.1844991824E-2	0.0000000000E+0	2.9623139403E+4	5.1400000000E+2	0.0000000000E+0
2.1742689298E-2	0.0000000000E+0	2.9623142274E+4	5.1500000000E+2	0.0000000000E+0
2.1785053635E-2	0.0000000000E+0	2.9623139022E+4	5.1600000000E+2	0.0000000000E+0
2.1851173592E-2	0.0000000000E+0	2.9623141830E+4	5.1700000000E+2	0.0000000000E+0
2.1921301142E-2	0.0000000000E+0	2.9623137655E+4	5.1800000000E+2	0.0000000000E+0
2.1889396311E-2	0.0000000000E+0	2.9623141062E+4	5.1900000000E+2	0.0000000000E+0
2.1961230774E-2	0.0000000000E+0	2.9623139574E+4	5.2000000000E+2	0.0000000000E+0
2.1994944344E-2	0.0000000000E+0	2.9623136942E+4	5.2100000000E+2	0.0000000000E+0
2.1887096367E-2	0.0000000000E+0	2.9623133528E+4	5.2200000000E+2	0.0000000000E+0
2.1868465602E-2	0.0000000000E+0	2.9623135986E+4	5.2300000000E+2	0.0000000000E+0
2.1954884020E-2	0.0000000000E+0	2.9623139826E+4	5.2400000000E+2	0.0000000000E+0
2.2025426674E-2	0.0000000000E+0	2.9623140924E+4	5.2500000000E+2	0.0000000000E+0
2.2105546303E-2	0.0000000000E+0	2.9623135828E+4	5.2600000000E+2	0.0000000000E+0
2.2001090380E-2	0.0000000000E+0	2.9623140915E+4	5.2700000000E+2	0.0000000000E+0
2.1954645945E-2	0.0000000000E+0	2.9623135694E+4	5.2800000000E+2	0.0000000000E+0
2.1928966764E-2	0.0000000000E+0	2.9623137429E+4	5.2900000000E+2	0.0000000000E+0
2.1982738736E-2	0.0000000000E+0	2.9623136755E+4	5.3000000000E+2	0.0000000000E+0
2.1845380580E-2	0.0000000000E+0	2.9623132019E+4	5.3100000000E+2	0.0000000000E+0
2.1863694839E-2	0.0000000000E+0	2.9623115637E+4	5.3200000000E+2	0.0000000000E+0
2.1861938146E-2	0.0000000000E+0	2.9623095705E+4	5.3300000000E+2	0.0000000000E+0
2.1842652575E-2	0.0000000000E+0	2.9623094376E+4	5.3400000000E+2	0.0000000000E+0
2.1848936971E-2	0.0000000000E+0	2.9623086038E+4	5.3500000000E+2	0.0000000000E+0
2.1808749606E-2	0.0000000000E+0	2.9623071257E+4	5.3600000000E+2	0.0000000000E+0
2.1805305913E-2	0.0000000000E+0	2.9623057431E+4	5.3700000000E+2	0.0000000000E+0
2.1670897624E-2	0.0000000000E+0	2.9623052357E+4	5.3800000000E+2	0.0000000000E+0
2.1774357325E-2	0.0000000000E+0	2.9623044717E+4	5.3900000000E+2	0.0000000000E+0
2.1742242889E-2	0.0000000000E+0	2.9623036341E+4	5.4000000000E+2	0.0000000000E+0
2.1674685542E-2	0.0000000000E+0	2.9623030993E+4	5.4100000000E+2	0.0000000000E+0
2.1555269788E-2	0.0000000000E+0	2.9623019468E+4	5.4200000000E+2	0.0000000000E+0
2.1555780869E-2	0.0000000000E+0	2.9623025472E+4	5.4300000000E+2	0.0000000000E+0
2.1531424217E-2	0.0000000000E+0	2.9623007003E+4	5.4400000000E+2	0.0000000000E+0
2.1457969284E-2	0.0000000000E+0	2.9623011294E+4	5.4500000000E+2	0.0000000000E+0
2.1333329353E-2	0.0000000000E+0	2.9622994717E+4	5.4600000000E+2	0.0000000000E+0
2.1477956734E-2	0.0000000000E+0	2.9622991621E+4	5.4700000000E+2	0.0000000000E+0
2.1454939181E-2	0.0000000000E+0	2.9622984940E+4	5.4800000000E+2	0.0000000000E+0
2.1517369436E-2	0.0000000000E+0	2.9622974590E+4	5.4900000000E+2	0.0000000000E+0
2.1455425606E-2	0.0000000000E+0	2.9622959211E+4	5.5000000000E+2	0.0000000000E+0
2.1449376322E-2	0.0000000000E+0	2.9622950945E+4	5.5100000000E+2	0.0000000000E+0
2.1454155451E-2	0.0000000000E+0	2.9622944056E+4	5.5200000000E+2	0.0000000000E+0
2.1452509282E-2	0.0000000000E+0	2.9622944925E+4	5.5300000000E+2	0.0000000000E+0
2.1518925908E-2	0.0000000000E+0	2.9622941025E+4	5.5400000000E+2	0.0000000000E+0
2.1421805865E-2	0.0000000000E+0	2.9622943769E+4	5.5500000000E+2	0.0000000000E+0
2.1328588537E-2	0.0000000000E+0	2.9622946629E+4	5.5600000000E+2	0.0000000000E+0
2.1347006556E-2	0.0000000000E+0	2.9622943341E+4	5.5700000000E+2	0.0000000000E+0
2.1387426771E-2	0.0000000000E+0	2.9622943438E+4	5.5800000000E+2	0.0000000000E+0
2.1368723157E-2	0.0000000000E+0	2.9622950853E+4	5.5900000000E+2	0.0000000000E+0
2.1382528191E-2	0.0000000000E+0	2.9622943592E+4	5.6000000000E+2	0.0000000000E+0
2.1322683067E-2	0.0000000000E+0	2.9622952095E+4	5.6100000000E+2	0.0000000000E+0
2.1442889544E-2	0.0000000000E+0	2.9622947611E+4	5.6200000000E+2	0.0000000000E+0
2.1461959229E-2	0.0000000000E+0	2.9622958437E+4	5.6300000000E+2	0.0000000000E+0
2.1368029137E-2	0.0000000000E+0	2.9622956092E+4	5.6400000000E+2	0.0000000000E+0
2.1495350990E-2	0.0000000000E+0	2.9622953495E+4	5.6500000000E+2	0.0000000000E+0
2.1451916402E-2	0.0000000000E+0	2.9622958878E+4	5.6600000000E+2	0.0000000000E+0
2.1476163521E-2	0.0000000000E+0	2.9622955195E+4	5.6700000000E+2	0.0000000000E+0
2.1535180562E-2	0.0000000000E+0	2.9622963677E+4	5.6800000000E+2	0.0000000000E+0
2.1454138451E-2	0.0000000000E+0	2.9622962689E+4	5.6900000000E+2	0.0000000000E+0
2.1397878456E-2	0.0000000000E+0	2.9622964322E+4	5.7000000000E+2	0.0000000000E+0
2.1342172279E-2	0.0000000000E+0	2.9622963818E+4	5.7100000000E+2	0.0000000000E+0
2.1410272369E-2	0.0000000000E+0	2.9622961139E+4	5.7200000000E+2	0.0000000000E+0
2.1545714607E-2	0.0000000000E+0	2.9622967943E+4	5.7300000000E+2	0.0000000000E+0
2.1504209607E-2	0.0000000000E+0	2.9622970702E+4	5.7400000000E+2	0.0000000000E+0
2.1512781601E-2	0.0000000000E+0	2.9622972147E+4	5.7500000000E+2	0.0000000000E+0
2.1549218648E-2	0.0000000000E+0	2.9622971660E+4	5.7600000000E+2	0.0000000000E+0